Record Time,Gaze Lost,X Coordinate,Y Coordinate
163440773195,Lost,,
163440790611,Lost,,
163440807460,Lost,,
163440824557,Lost,,
163440841552,Lost,,
163440858829,Lost,,
163440876037,Lost,,
163440893187,Lost,,
163440910374,Lost,,
163440927240,Lost,,
163440944593,Lost,,
163440961739,Lost,,
163440978554,Lost,,
163440995478,Lost,,
163441012739,Lost,,
163441030050,Lost,,
163441047372,Lost,,
163441064578,Lost,,
163441081791,Lost,,
163441098912,Lost,,
163441115881,Lost,,
163441132875,Lost,,
163441149997,Lost,,
163441166933,Lost,,
163441184100,Lost,,
163441201153,Lost,,
163441218204,Lost,,
163441235452,Lost,,
163441252325,Lost,,
163441269373,Lost,,
163441286432,Lost,,
163441303554,Lost,,
163441320832,Lost,,
163441337925,Lost,,
163441355267,Lost,,
163441372414,Lost,,
163441389693,Lost,,
163441406905,Lost,,
163441424069,Lost,,
163441441288,Lost,,
163441458081,Lost,,
163441475397,Lost,,
163441492545,Lost,,
163441509717,Lost,,
163441526966,Lost,,
163441544363,Lost,,
163441561485,Lost,,
163441578866,Lost,,
163441595920,Lost,,
163441613042,Lost,,
163441630333,Lost,,
163441647532,Lost,,
163441664578,Lost,,
163441681720,Lost,,
163441698806,Lost,,
163441715924,Lost,,
163441732938,Lost,,
163441753116,Lost,,
163441770354,Lost,,
163441787452,Lost,,
163441804991,Lost,,
163441822244,Lost,,
163441839380,Lost,,
163441856686,Lost,,
163441873722,Lost,,
163441890924,Lost,,
163441908019,Lost,,
163441925270,Lost,,
163441942585,Lost,,
163441959519,Lost,,
163441976587,Lost,,
163441993949,Lost,,
163442011065,Lost,,
163442028284,Lost,,
163442045464,Lost,,
163442062561,Lost,,
163442079980,Lost,,
163442097403,Lost,,
163442114573,Lost,,
163442131512,Visible,1832,0
163442148770,Visible,1832,0
163442165784,Visible,1808,10
163442182663,Visible,1801,63
163442199590,Visible,1801,63
163442216550,Visible,1728,88
163442233669,Visible,1728,88
163442250492,Visible,1145,54
163442267664,Visible,1145,54
163442284679,Visible,996,78
163442301996,Visible,996,78
163442318976,Visible,451,189
163442336092,Visible,451,189
163442353217,Visible,451,189
163442370176,Visible,451,163
163442387198,Visible,451,163
163442404423,Visible,440,156
163442421435,Visible,428,150
163442438380,Visible,428,150
163442455466,Visible,426,117
163442472495,Visible,426,117
163442489549,Visible,429,56
163442506868,Visible,429,56
163442523989,Visible,427,0
163442541215,Visible,427,0
163442558370,Visible,479,0
163442575667,Visible,479,0
163442592665,Lost,,
163442609776,Lost,,
163442627249,Visible,1114,0
163442644435,Lost,,
163442661354,Lost,,
163442678760,Lost,,
163442695893,Lost,,
163442713122,Lost,,
163442730435,Lost,,
163442747333,Lost,,
163442764312,Lost,,
163442781632,Lost,,
163442798667,Lost,,
163442815796,Lost,,
163442832668,Lost,,
163442850084,Lost,,
163442867254,Lost,,
163442884474,Lost,,
163442901276,Lost,,
163442918663,Lost,,
163442935634,Visible,1398,534
163442953167,Visible,1443,534
163442970227,Visible,1443,534
163442987200,Visible,1485,532
163443004479,Visible,1485,532
163443021803,Visible,1483,537
163443039176,Visible,1483,537
163443056511,Visible,1479,552
163443073724,Visible,1479,552
163443090865,Visible,1468,566
163443107888,Visible,1468,566
163443124815,Visible,1465,576
163443142171,Visible,1465,576
163443159308,Visible,1465,584
163443176240,Visible,1465,584
163443193304,Visible,1480,592
163443210446,Visible,1480,592
163443228040,Visible,1510,600
163443245065,Visible,1510,600
163443262434,Visible,1521,621
163443279447,Visible,1521,621
163443296756,Visible,1552,658
163443313841,Visible,1552,658
163443331066,Visible,1563,668
163443348336,Visible,1611,699
163443365686,Visible,1611,699
163443383041,Visible,1619,710
163443400306,Visible,1619,710
163443417517,Visible,1619,704
163443434952,Visible,1619,704
163443451901,Visible,1650,696
163443469146,Visible,1650,696
163443486279,Visible,1702,688
163443503181,Visible,1702,688
163443520259,Lost,,
163443537299,Lost,,
163443554562,Lost,,
163443571960,Visible,1737,642
163443589045,Visible,1868,617
163443606171,Visible,1868,617
163443623261,Visible,1868,617
163443640600,Visible,1919,605
163443657505,Lost,,
163443674619,Lost,,
163443691636,Lost,,
163443708783,Lost,,
163443726461,Lost,,
163443743396,Lost,,
163443760658,Lost,,
163443777524,Lost,,
163443794548,Lost,,
163443811637,Lost,,
163443828948,Lost,,
163443846315,Lost,,
163443863657,Lost,,
163443881092,Lost,,
163443898277,Lost,,
163443915632,Lost,,
163443932842,Lost,,
163443950170,Lost,,
163443967354,Lost,,
163443984552,Lost,,
163444001450,Lost,,
163444018804,Lost,,
163444036063,Lost,,
163444053244,Lost,,
163444070074,Lost,,
163444087012,Lost,,
163444104396,Lost,,
163444121658,Lost,,
163444138915,Lost,,
163444156028,Lost,,
163444173300,Lost,,
163444190546,Visible,1725,734
163444207918,Visible,1725,734
163444225031,Lost,,
163444242146,Lost,,
163444259225,Lost,,
163444276291,Lost,,
163444293235,Lost,,
163444310498,Lost,,
163444327586,Lost,,
163444344656,Lost,,
163444362150,Lost,,
163444379406,Lost,,
163444396566,Lost,,
163444413573,Lost,,
163444430812,Lost,,
163444447946,Lost,,
163444465283,Lost,,
163444482526,Lost,,
163444499790,Visible,1491,689
163444516902,Lost,,
163444534209,Lost,,
163444551423,Lost,,
163444568633,Lost,,
163444585759,Lost,,
163444602965,Lost,,
163444619978,Lost,,
163444637179,Lost,,
163444654575,Lost,,
163444671785,Lost,,
163444688650,Lost,,
163444705664,Lost,,
163444723017,Lost,,
163444739920,Lost,,
163444757092,Lost,,
163444774026,Lost,,
163444791129,Visible,1651,705
163444808031,Visible,1651,705
163444824956,Lost,,
163444842528,Lost,,
163444859606,Lost,,
163444876946,Lost,,
163444894159,Lost,,
163444911295,Lost,,
163444928501,Lost,,
163444945600,Lost,,
163444962776,Lost,,
163444980100,Lost,,
163444997335,Lost,,
163445014484,Lost,,
163445031629,Lost,,
163445048747,Lost,,
163445065775,Lost,,
163445082977,Lost,,
163445099921,Lost,,
163445117386,Lost,,
163445134329,Visible,1586,681
163445151203,Visible,1586,681
163445168337,Lost,,
163445185841,Lost,,
163445202637,Lost,,
163445219798,Lost,,
163445237040,Lost,,
163445254214,Lost,,
163445271204,Lost,,
163445288578,Lost,,
163445305552,Lost,,
163445322632,Lost,,
163445339519,Lost,,
163445356644,Lost,,
163445373807,Lost,,
163445390827,Lost,,
163445407854,Lost,,
163445425125,Lost,,
163445442136,Lost,,
163445459024,Lost,,
163445476036,Lost,,
163445492889,Lost,,
163445509710,Lost,,
163445526655,Lost,,
163445544205,Lost,,
163445561218,Lost,,
163445578462,Lost,,
163445595441,Lost,,
163445612452,Lost,,
163445629611,Lost,,
163445646596,Lost,,
163445663474,Lost,,
163445680408,Lost,,
163445697432,Lost,,
163445714555,Lost,,
163445731566,Lost,,
163445748780,Lost,,
163445765970,Visible,1681,774
163445783062,Lost,,
163445799864,Lost,,
163445817039,Lost,,
163445834018,Lost,,
163445851521,Lost,,
163445868537,Lost,,
163445885465,Lost,,
163445902520,Lost,,
163445919550,Lost,,
163445936428,Lost,,
163445953718,Lost,,
163445970848,Lost,,
163445988175,Lost,,
163446005033,Lost,,
163446022281,Lost,,
163446039406,Lost,,
163446056690,Lost,,
163446073854,Lost,,
163446091017,Lost,,
163446108264,Lost,,
163446125428,Lost,,
163446142544,Lost,,
163446159755,Lost,,
163446177089,Lost,,
163446194358,Lost,,
163446211433,Lost,,
163446228498,Lost,,
163446245467,Lost,,
163446262353,Lost,,
163446279292,Lost,,
163446296632,Lost,,
163446313736,Lost,,
163446330785,Lost,,
163446347933,Lost,,
163446365068,Visible,1919,689
163446382180,Visible,1919,689
163446399375,Lost,,
163446416355,Lost,,
163446433623,Lost,,
163446450472,Lost,,
163446467406,Lost,,
163446484830,Lost,,
163446502038,Lost,,
163446519155,Lost,,
163446536156,Lost,,
163446553333,Lost,,
163446570404,Lost,,
163446587480,Lost,,
163446604535,Lost,,
163446621787,Lost,,
163446638932,Lost,,
163446655965,Lost,,
163446673141,Lost,,
163446690446,Lost,,
163446707435,Visible,1919,685
163446724631,Lost,,
163446741970,Lost,,
163446759327,Lost,,
163446776484,Lost,,
163446793674,Lost,,
163446810733,Lost,,
163446827970,Lost,,
163446844815,Lost,,
163446861918,Lost,,
163446878920,Lost,,
163446895733,Lost,,
163446913099,Lost,,
163446930137,Lost,,
163446947646,Lost,,
163446964722,Lost,,
163446981564,Lost,,
163446998536,Lost,,
163447015835,Lost,,
163447033034,Lost,,
163447050167,Lost,,
163447067361,Lost,,
163447084624,Lost,,
163447101579,Lost,,
163447119048,Lost,,
163447136047,Lost,,
163447153259,Lost,,
163447170102,Lost,,
163447187622,Lost,,
163447204461,Lost,,
163447221475,Lost,,
163447238509,Lost,,
163447255411,Lost,,
163447272466,Lost,,
163447289482,Lost,,
163447307244,Lost,,
163447324815,Lost,,
163447341762,Lost,,
163447358587,Lost,,
163447375900,Lost,,
163447392916,Lost,,
163447409889,Lost,,
163447426901,Lost,,
163447443921,Lost,,
163447460916,Lost,,
163447478045,Lost,,
163447494963,Lost,,
163447511980,Lost,,
163447529174,Lost,,
163447546255,Lost,,
163447563305,Lost,,
163447580345,Lost,,
163447597415,Lost,,
163447614467,Lost,,
163447631495,Lost,,
163447648548,Lost,,
163447665562,Lost,,
163447682595,Lost,,
163447699533,Lost,,
163447716557,Lost,,
163447733607,Lost,,
163447750642,Lost,,
163447767801,Lost,,
163447784846,Lost,,
163447801868,Lost,,
163447818905,Lost,,
163447835915,Lost,,
163447852930,Lost,,
163447870441,Lost,,
163447887597,Lost,,
163447904690,Lost,,
163447921729,Lost,,
163447938905,Lost,,
163447955936,Lost,,
163447973140,Lost,,
163447990344,Lost,,
163448007392,Lost,,
163448024530,Lost,,
163448041568,Lost,,
163448058588,Lost,,
163448075566,Lost,,
163448092727,Lost,,
163448109766,Lost,,
163448126847,Lost,,
163448144167,Lost,,
163448161173,Lost,,
163448178508,Lost,,
163448195655,Lost,,
163448212834,Lost,,
163448230106,Lost,,
163448247061,Lost,,
163448264265,Lost,,
163448281530,Lost,,
163448298686,Lost,,
163448315916,Lost,,
163448332851,Lost,,
163448349860,Lost,,
163448366903,Lost,,
163448384168,Lost,,
163448401162,Lost,,
163448418370,Lost,,
163448435227,Lost,,
163448452456,Lost,,
163448469469,Lost,,
163448486643,Lost,,
163448503739,Lost,,
163448520814,Lost,,
163448538031,Lost,,
163448555141,Lost,,
163448572102,Lost,,
163448589185,Lost,,
163448606041,Lost,,
163448623071,Lost,,
163448640483,Lost,,
163448657771,Lost,,
163448675146,Lost,,
163448692143,Lost,,
163448709535,Lost,,
163448726672,Lost,,
163448743705,Lost,,
163448760806,Lost,,
163448778025,Lost,,
163448795088,Lost,,
163448811929,Lost,,
163448829044,Lost,,
163448846559,Lost,,
163448863984,Lost,,
163448880993,Lost,,
163448897874,Lost,,
163448914877,Lost,,
163448932021,Lost,,
163448949375,Lost,,
163448966764,Lost,,
163448983909,Lost,,
163449001032,Lost,,
163449018187,Lost,,
163449035224,Lost,,
163449052132,Lost,,
163449069094,Lost,,
163449086049,Lost,,
163449103135,Lost,,
163449120387,Lost,,
163449137588,Lost,,
163449154748,Lost,,
163449172100,Lost,,
163449189213,Lost,,
163449206414,Lost,,
163449223553,Lost,,
163509771968,Visible,1548,311
163509789437,Visible,1548,311
163509806670,Visible,1577,329
163509823994,Visible,1577,329
163509841279,Visible,1609,337
163509858157,Visible,1609,337
163509875275,Visible,1618,338
163509892940,Visible,1618,338
163509910020,Visible,1649,340
163509927172,Visible,1649,340
163509944364,Visible,1670,344
163509961549,Visible,1670,344
163509978935,Visible,1662,349
163509996295,Visible,1662,349
163510013322,Visible,1657,355
163510030273,Visible,1657,355
163510047474,Visible,1659,362
163510064499,Visible,1659,362
163510081557,Visible,1664,370
163510098731,Visible,1664,370
163510116039,Visible,1679,380
163510133053,Visible,1682,380
163510150236,Visible,1682,380
163510167247,Visible,1688,386
163510184360,Visible,1688,386
163510201347,Visible,1687,386
163510218625,Visible,1687,386
163510235655,Visible,1709,392
163510252572,Visible,1709,392
163510269628,Visible,1716,393
163510286966,Visible,1716,393
163510304069,Visible,1716,393
163510321392,Visible,1731,396
163510338654,Visible,1731,396
163510355585,Visible,1740,403
163510372475,Visible,1740,403
163510389647,Visible,1737,408
163510406876,Visible,1731,472
163510424042,Visible,1731,472
163510440964,Visible,1696,524
163510457976,Visible,1696,524
163510474996,Visible,1630,606
163510492029,Visible,1630,606
163510509047,Visible,1550,659
163510526059,Visible,1550,659
163510542935,Visible,1459,747
163510559992,Visible,1459,747
163510577183,Visible,1346,795
163510594273,Visible,1268,900
163510611387,Visible,1268,900
163510628500,Visible,1268,900
163510645606,Visible,1268,900
163510662902,Visible,1203,973
163510679928,Visible,1187,1020
163510697339,Visible,1187,1020
163510714493,Visible,1166,998
163510731709,Visible,1166,998
163510748735,Visible,1174,988
163510765879,Visible,1174,988
163510782958,Visible,1175,989
163510800490,Visible,1175,988
163510817529,Visible,1175,988
163510834572,Visible,1175,987
163510851606,Visible,1175,987
163510868844,Visible,1176,986
163510885835,Visible,1176,986
163510902828,Visible,1177,985
163510920045,Visible,1177,985
163510937309,Visible,1509,930
163510954425,Visible,1509,930
163510971761,Visible,1518,835
163510989085,Visible,1518,835
163511006317,Visible,1518,835
163511023331,Visible,1476,751
163511040627,Visible,1476,751
163511057669,Visible,1435,704
163511074848,Visible,1398,667
163511092200,Visible,1398,667
163511109480,Visible,1351,655
163511126619,Visible,1351,655
163511143727,Visible,1313,619
163511161110,Visible,1313,619
163511178206,Visible,1308,517
163511195487,Visible,1308,517
163511212544,Visible,1291,379
163511229680,Visible,1291,379
163511246719,Visible,1309,255
163511263927,Visible,1309,255
163511281231,Visible,1322,240
163511298767,Visible,1342,214
163511315961,Visible,1342,214
163511333139,Visible,1342,214
163511350287,Visible,1367,192
163511367437,Visible,1367,192
163511384435,Visible,1375,233
163511401563,Visible,1375,233
163511418496,Visible,1371,248
163511435730,Visible,1371,248
163511452722,Visible,1369,252
163511469691,Visible,1369,252
163511487125,Visible,1375,264
163511504166,Visible,1375,264
163511521210,Visible,1386,242
163511538232,Visible,1404,159
163511555136,Visible,1404,159
163511572041,Visible,1454,121
163511589115,Visible,1454,121
163511606270,Visible,1478,62
163511623631,Visible,1478,62
163511640556,Visible,1510,5
163511657603,Visible,1510,5
163511674834,Visible,1545,0
163511692248,Visible,1545,0
163511709634,Visible,1545,0
163511726889,Visible,1591,33
163511744106,Visible,1591,33
163511761244,Visible,1606,38
163511778265,Visible,1606,38
163511795177,Visible,1622,67
163511812519,Visible,1612,130
163511829557,Visible,1612,130
163511846579,Visible,1601,167
163511863778,Visible,1601,167
163511880817,Visible,1595,182
163511898012,Visible,1595,182
163511915038,Visible,1585,163
163511932305,Visible,1585,163
163511949338,Visible,1587,148
163511966354,Visible,1587,148
163511983392,Visible,1586,59
163512000432,Visible,1586,59
163512017318,Visible,1587,3
163512034381,Visible,1587,3
163512051440,Visible,1590,0
163512068649,Visible,1590,0
163512085719,Visible,1604,0
163512102805,Visible,1604,0
163512119907,Visible,1624,0
163512137033,Visible,1624,0
163512154216,Visible,1621,0
163512171154,Visible,1621,0
163512188193,Visible,1620,0
163512205273,Visible,1620,0
163512222648,Visible,1620,0
163512239576,Visible,1620,0
163512256812,Visible,1624,55
163512273965,Visible,1624,55
163512291252,Visible,1626,50
163512308277,Visible,1623,33
163512325414,Visible,1623,33
163512342525,Visible,1616,0
163512359667,Visible,1616,0
163512376709,Visible,1605,0
163512393851,Visible,1605,0
163512411074,Visible,1605,0
163512428100,Visible,1589,0
163512445136,Visible,1589,0
163512462149,Visible,1577,0
163512479299,Visible,1577,0
163512496293,Visible,1564,23
163512513598,Visible,1545,45
163512530492,Visible,1545,45
163512547524,Visible,1525,106
163512564631,Visible,1525,106
163512581756,Visible,1497,127
163512598806,Visible,1497,127
163512615818,Visible,1467,130
163512632842,Visible,1467,130
163512649858,Visible,1456,113
163512667048,Visible,1456,113
163512684062,Visible,1450,105
163512701087,Visible,1450,105
163512718553,Visible,1431,81
163512735803,Visible,1431,81
163512752857,Visible,1431,81
163512769880,Visible,1414,42
163512786935,Visible,1406,40
163512803958,Visible,1406,40
163512821404,Visible,1400,44
163512838540,Visible,1400,44
163512855570,Visible,1403,52
163512872812,Visible,1403,52
163512889846,Visible,1410,67
163512906865,Visible,1410,67
163512923906,Visible,1414,77
163512940921,Visible,1414,77
163512957903,Visible,1415,78
163512975023,Visible,1415,78
163512992073,Visible,1424,69
163513009110,Visible,1429,30
163513026064,Visible,1429,30
163513043422,Visible,1429,30
163513060501,Visible,1461,0
163513077522,Visible,1504,0
163513094762,Visible,1504,0
163513112042,Visible,1504,0
163513129369,Visible,1546,0
163513146490,Visible,1546,0
163513163544,Visible,1546,0
163513180417,Visible,1546,0
163513197526,Visible,1547,0
163513214497,Visible,1547,0
163513231886,Visible,1542,0
163513249159,Visible,1542,0
163513266310,Visible,1542,72
163513283664,Visible,1539,166
163513301028,Visible,1539,166
163513318237,Visible,1535,239
163513335238,Visible,1535,239
163513352145,Visible,1198,281
163513369146,Visible,1198,281
163513386376,Visible,1132,249
163513403705,Visible,1132,249
163513420732,Visible,1100,226
163513437826,Visible,1100,226
163513454948,Visible,1100,226
163513472007,Visible,1075,198
163513488930,Visible,1035,179
163513506063,Visible,1035,179
163513523236,Visible,1004,165
163513540230,Visible,1004,165
163513557512,Visible,977,167
163513574647,Visible,977,167
163513591715,Visible,960,173
163513608590,Visible,960,173
163513625860,Visible,952,186
163513642779,Visible,952,186
163513659858,Visible,931,257
163513677133,Visible,931,257
163513694325,Visible,894,335
163513711627,Visible,894,335
163513728827,Visible,888,398
163513746241,Visible,888,398
163513763569,Visible,889,475
163513780552,Visible,894,544
163513798004,Visible,894,544
163513815061,Visible,894,544
163513832975,Visible,892,611
163513849967,Visible,892,611
163513866986,Visible,899,618
163513883999,Visible,899,618
163513901138,Visible,893,675
163513918287,Visible,893,675
163513935226,Visible,889,750
163513952497,Visible,889,750
163513969768,Visible,875,839
163513986916,Visible,875,846
163514004302,Visible,875,846
163514021478,Visible,882,856
163514038781,Visible,882,856
163514056076,Visible,889,853
163514073203,Visible,889,853
163514090586,Visible,891,866
163514107681,Visible,891,866
163514125167,Visible,884,862
163514142335,Visible,884,862
163514159645,Visible,884,862
163514176804,Visible,877,857
163514194054,Visible,877,850
163514211300,Visible,877,850
163514228650,Visible,852,850
163514245659,Visible,852,850
163514262794,Visible,839,840
163514280055,Visible,839,840
163514297492,Visible,846,805
163514314317,Visible,846,805
163514331354,Visible,837,786
163514348531,Visible,837,786
163514365428,Visible,838,784
163514382542,Visible,838,784
163514399580,Visible,845,783
163514416611,Visible,845,783
163514433785,Visible,848,784
163514450865,Visible,851,791
163514468059,Visible,851,791
163514485312,Visible,834,810
163514502414,Visible,834,810
163514519733,Visible,834,810
163514536978,Visible,827,843
163514553924,Visible,827,843
163514570997,Visible,820,859
163514588027,Visible,820,859
163514605128,Visible,819,888
163514622207,Visible,819,888
163514639389,Visible,822,927
163514656263,Visible,822,927
163514673517,Visible,806,934
163514690705,Visible,801,962
163514708079,Visible,801,962
163514725487,Visible,804,952
163514742512,Visible,804,952
163514759500,Visible,842,936
163514776558,Visible,842,936
163514793820,Visible,919,915
163514811064,Visible,919,915
163514828262,Visible,983,759
163514845899,Visible,983,759
163514863027,Visible,983,759
163514880207,Visible,1034,709
163514897614,Visible,1034,709
163514914634,Visible,1015,665
163514931988,Visible,1003,628
163514948989,Visible,1003,628
163514966023,Visible,988,623
163514983084,Visible,988,623
163515000215,Visible,977,630
163515017447,Visible,977,630
163515034440,Visible,959,622
163515051282,Visible,959,622
163515068350,Visible,949,609
163515085583,Visible,949,609
163515103084,Visible,928,581
163515120524,Visible,928,581
163515137488,Visible,903,559
163515154862,Visible,885,533
163515171895,Visible,885,533
163515188966,Visible,867,517
163515206521,Visible,867,517
163515223485,Visible,867,517
163515240825,Visible,856,499
163515257828,Visible,856,499
163515275353,Visible,857,497
163515292494,Visible,857,497
163515309683,Visible,855,492
163515326799,Visible,855,492
163515343873,Visible,855,497
163515361174,Visible,855,497
163515378366,Visible,853,499
163515395554,Visible,844,503
163515412769,Visible,844,503
163515430043,Visible,837,503
163515447311,Visible,837,503
163515464704,Visible,831,502
163515481716,Visible,831,502
163515498832,Visible,824,496
163515515782,Visible,824,496
163515533012,Visible,823,481
163515550043,Visible,823,481
163515567099,Visible,823,481
163515584032,Visible,826,426
163515601068,Visible,826,426
163515618703,Visible,830,393
163515635917,Visible,835,371
163515653396,Visible,835,371
163515670576,Visible,840,349
163515687574,Visible,840,349
163515704751,Visible,842,452
163515721722,Visible,842,452
163515739192,Visible,846,429
163515756429,Visible,846,429
163515773565,Visible,865,407
163515790673,Visible,865,407
163515807912,Visible,885,387
163515824940,Visible,885,387
163515842125,Visible,896,391
163515859876,Visible,919,376
163515877207,Visible,919,376
163515894410,Visible,914,386
163515911783,Visible,914,386
163515928764,Visible,914,386
163515945979,Visible,931,386
163515962985,Visible,931,386
163515980128,Visible,944,375
163515997253,Visible,944,375
163516014332,Visible,958,384
163516031555,Visible,958,384
163516048947,Visible,973,388
163516066049,Visible,987,398
163516083254,Visible,987,398
163516100669,Visible,999,416
163516117575,Visible,999,416
163516134704,Visible,995,437
163516151922,Visible,995,437
163516168859,Visible,979,435
163516186041,Visible,979,435
163516203296,Visible,936,430
163516220312,Visible,936,430
163516237285,Visible,856,430
163516254442,Visible,856,430
163516271468,Visible,856,430
163516288913,Visible,714,416
163516306235,Visible,648,405
163516323296,Visible,648,405
163516340465,Visible,593,389
163516357703,Visible,593,389
163516374830,Visible,523,368
163516392047,Visible,523,368
163516409089,Visible,482,354
163516426603,Visible,482,354
163516443603,Visible,543,366
163516460662,Visible,543,366
163516477833,Visible,558,371
163516494835,Visible,558,371
163516511869,Visible,587,385
163516529361,Visible,587,385
163516546446,Visible,643,407
163516563620,Visible,691,412
163516581065,Visible,691,412
163516598978,Visible,751,419
163516616105,Visible,751,419
163516633066,Visible,751,419
163516650311,Visible,801,442
163516667430,Visible,801,442
163516684572,Visible,821,447
163516701605,Visible,821,447
163516718917,Visible,838,455
163516736317,Visible,838,455
163516754008,Visible,863,458
163516771384,Visible,868,469
163516788530,Visible,868,469
163516805692,Visible,884,477
163516823065,Visible,884,477
163516840597,Visible,883,490
163516857546,Visible,883,490
163516874911,Visible,888,498
163516892133,Visible,888,498
163516909329,Visible,900,504
163516926556,Visible,900,504
163516943598,Visible,905,511
163516961129,Visible,905,511
163516978394,Visible,905,511
163516995531,Visible,921,522
163517012702,Visible,923,526
163517029707,Visible,923,526
163517046894,Visible,926,526
163517063848,Visible,926,526
163517080975,Visible,921,527
163517097830,Visible,921,527
163517115089,Visible,920,528
163517132159,Visible,920,528
163517149548,Visible,925,528
163517166621,Visible,925,528
163517183586,Visible,923,531
163517200675,Visible,923,531
163517217951,Visible,923,535
163517235618,Visible,922,536
163517252897,Visible,922,536
163517270020,Visible,921,535
163517286978,Visible,921,535
163517304239,Visible,922,538
163517321411,Visible,922,538
163517338924,Visible,922,538
163517356108,Visible,922,540
163517373345,Visible,922,540
163517390334,Visible,923,545
163517407663,Visible,923,545
163517425069,Visible,923,551
163517442281,Visible,923,557
163517459260,Visible,923,557
163517476608,Visible,922,574
163517493658,Visible,922,574
163517510840,Visible,919,593
163517528225,Visible,919,593
163517545173,Visible,913,604
163517562243,Visible,913,604
163517579422,Visible,912,619
163517596360,Visible,912,619
163517613608,Visible,905,632
163517631101,Visible,905,632
163517648414,Visible,901,637
163517665590,Visible,901,637
163517682562,Visible,901,637
163517699506,Visible,899,636
163517716761,Visible,897,634
163517734014,Visible,897,634
163517751250,Visible,897,639
163517768586,Visible,897,639
163517785509,Visible,900,640
163517802535,Visible,900,640
163517819835,Visible,903,643
163517837128,Visible,903,643
163517854313,Visible,902,647
163517871549,Visible,902,647
163517888846,Visible,903,651
163517905963,Visible,900,652
163517923281,Visible,900,652
163517940457,Visible,901,655
163517957508,Visible,901,655
163517974570,Visible,898,661
163517991824,Visible,898,661
163518008922,Visible,867,662
163518026261,Visible,867,662
163518043628,Visible,867,662
163518061031,Visible,756,641
163518078235,Visible,756,641
163518095281,Visible,676,608
163518112574,Visible,676,608
163518129714,Visible,560,552
163518146835,Visible,473,506
163518164097,Visible,473,506
163518181184,Visible,402,465
163518198441,Visible,402,465
163518215630,Visible,352,437
163518232677,Visible,352,437
163518249880,Visible,301,409
163518266807,Visible,301,409
163518283831,Visible,266,379
163518300795,Visible,266,379
163518317997,Visible,250,360
163518335299,Visible,250,360
163518352512,Visible,232,346
163518370017,Visible,232,346
163518387138,Visible,232,346
163518404375,Visible,181,326
163518421202,Visible,170,321
163518438359,Visible,170,321
163518455610,Visible,140,318
163518472841,Visible,140,318
163518490019,Visible,127,321
163518507034,Visible,127,321
163518524084,Visible,120,320
163518541131,Visible,120,320
163518558331,Visible,111,314
163518575667,Visible,111,314
163518592821,Visible,115,309
163518609780,Visible,115,309
163518626809,Visible,91,308
163518644166,Visible,90,311
163518661368,Visible,90,311
163518678790,Visible,95,311
163518695980,Visible,95,311
163518713120,Visible,99,307
163518730057,Visible,99,307
163518747090,Visible,99,307
163518764292,Visible,93,311
163518781413,Visible,93,311
163518798582,Visible,90,310
163518815654,Visible,90,310
163518832745,Visible,90,312
163518849823,Visible,87,313
163518866798,Visible,87,313
163518884231,Visible,82,312
163518901706,Visible,82,312
163518918907,Visible,74,313
163518935962,Visible,74,313
163518952911,Visible,69,314
163518970102,Visible,69,314
163518987139,Visible,69,363
163519004379,Visible,69,363
163519021599,Visible,85,740
163519038618,Visible,85,740
163519055702,Visible,93,801
163519072987,Visible,93,801
163519090194,Visible,93,801
163519107253,Visible,124,884
163519124375,Visible,142,921
163519141500,Visible,142,921
163519158759,Visible,170,932
163519175936,Visible,170,932
163519192966,Visible,197,931
163519210117,Visible,197,931
163519227333,Visible,232,923
163519244379,Visible,232,923
163519261354,Visible,253,886
163519278930,Visible,253,886
163519295840,Visible,283,854
163519312909,Visible,283,854
163519329903,Visible,295,804
163519346957,Visible,300,749
163519364043,Visible,300,749
163519381181,Visible,297,723
163519398268,Visible,297,723
163519415342,Visible,290,679
163519432445,Visible,290,679
163519449533,Visible,290,679
163519466947,Visible,354,607
163519484086,Visible,354,607
163519501588,Visible,1538,484
163519518807,Visible,1538,484
163519535835,Visible,1596,360
163519553079,Visible,1596,360
163519570278,Visible,1654,274
163519587279,Visible,1693,215
163519604414,Visible,1693,215
163519621618,Visible,1732,158
163519638610,Visible,1732,158
163519655864,Visible,1766,146
163519672974,Visible,1766,146
163519690101,Visible,1794,139
163519707209,Visible,1794,139
163519724289,Visible,1825,132
163519741570,Visible,1825,132
163519758827,Visible,1854,133
163519776234,Visible,1854,133
163519793334,Visible,1854,133
163519810551,Visible,1862,141
163519827651,Visible,1871,146
163519845037,Visible,1871,146
163519862081,Visible,1874,149
163519879373,Visible,1874,149
163519896336,Visible,1884,143
163519913913,Visible,1884,143
163519931156,Visible,1884,140
163519948160,Visible,1884,140
163519965474,Visible,1885,139
163519982789,Visible,1885,139
163520000029,Visible,1887,142
163520016930,Visible,1887,142
163520034194,Visible,1892,142
163520051548,Visible,1892,143
163520068870,Visible,1892,143
163520086052,Visible,1890,144
163520103639,Visible,1890,144
163520120947,Visible,1890,144
163520138005,Visible,1889,150
163520155202,Visible,1889,150
163520172340,Visible,1886,160
163520189364,Visible,1886,160
163520206561,Visible,1879,168
163520223791,Visible,1879,168
163520241023,Visible,1873,182
163520258049,Visible,1869,203
163520275094,Visible,1869,203
163520292218,Visible,1866,216
163520309603,Visible,1866,216
163520326799,Visible,1861,225
163520344156,Visible,1861,225
163520361362,Visible,1858,232
163520378735,Visible,1858,232
163520395697,Visible,1861,244
163520412906,Visible,1861,244
163520430277,Visible,1859,252
163520447626,Visible,1859,252
163520464897,Visible,1833,311
163520482259,Visible,1833,311
163520499265,Visible,1833,311
163520516502,Visible,1798,419
163520533548,Visible,1782,491
163520550426,Visible,1782,491
163520568022,Visible,1761,542
163520585244,Visible,1761,542
163520602409,Visible,1749,593
163520619431,Visible,1749,593
163520636840,Visible,1723,620
163520654298,Visible,1723,620
163520671223,Visible,1724,660
163520688240,Visible,1724,660
163520705777,Visible,1720,684
163520722885,Visible,1689,690
163520740223,Visible,1689,690
163520757390,Visible,1359,687
163520774467,Visible,1359,687
163520792023,Visible,665,711
163520808913,Visible,665,711
163520826322,Visible,665,711
163520843404,Visible,642,724
163520860669,Visible,642,724
163520877760,Visible,620,727
163520894819,Visible,620,727
163520911761,Visible,616,735
163520928927,Visible,610,751
163520946161,Visible,610,751
163520963808,Visible,597,760
163520981011,Visible,597,760
163520998143,Visible,566,784
163521015420,Visible,566,784
163521032822,Visible,543,819
163521049725,Visible,543,819
163521066788,Visible,525,860
163521083881,Visible,525,860
163521101038,Visible,517,880
163521118307,Visible,517,880
163521135723,Visible,490,901
163521153024,Visible,490,901
163521170245,Visible,461,899
163521187167,Visible,461,899
163521204367,Visible,421,901
163521221227,Visible,421,901
163521238390,Visible,400,909
163521255507,Visible,400,909
163521272573,Visible,400,911
163521289648,Visible,400,911
163521306699,Visible,382,909
163521324157,Visible,382,909
163521341368,Visible,378,912
163521358577,Visible,378,912
163521375666,Visible,361,918
163521392818,Visible,361,918
163521410068,Visible,352,925
163521427073,Visible,343,943
163521444010,Visible,343,943
163521461204,Visible,334,945
163521478584,Visible,334,945
163521495547,Visible,330,943
163521512996,Visible,330,943
163521530044,Visible,330,943
163521547329,Visible,322,945
163521564344,Visible,322,945
163521581583,Visible,324,947
163521598832,Visible,324,947
163521615718,Visible,322,952
163521632851,Visible,322,952
163521650082,Visible,324,962
163521667005,Visible,321,976
163521684289,Visible,321,976
163521701506,Visible,319,985
163521718653,Visible,319,985
163521735922,Visible,318,1000
163521753303,Visible,318,1000
163521770502,Visible,316,1015
163521787490,Visible,316,1015
163521804908,Visible,318,1014
163521822047,Visible,318,1014
163521839189,Visible,320,1011
163521856630,Visible,320,1011
163521873650,Visible,320,1005
163521890749,Visible,320,1005
163521907762,Visible,324,1000
163521924978,Visible,324,1000
163521942402,Visible,332,998
163521959638,Visible,332,998
163521977075,Visible,336,993
163521994165,Visible,336,993
163522011312,Visible,341,982
163522028477,Visible,341,982
163522045680,Visible,351,966
163522062534,Visible,351,966
163522080035,Visible,354,964
163522097280,Visible,354,964
163522114489,Visible,361,959
163522131565,Visible,379,952
163522148946,Visible,379,952
163522166126,Visible,1098,904
163522183358,Visible,1098,904
163522200618,Visible,1146,895
163522218003,Visible,1146,895
163522235090,Visible,1146,895
163522252346,Visible,1299,877
163522269593,Visible,1299,877
163522286687,Visible,1419,867
163522304054,Visible,1419,867
163522321217,Visible,1486,854
163522338705,Visible,1547,838
163522355600,Visible,1547,838
163522372632,Visible,1571,823
163522389954,Visible,1571,823
163522407366,Visible,1586,804
163522424523,Visible,1586,804
163522441726,Visible,1602,773
163522458872,Visible,1602,773
163522476185,Visible,1634,749
163522493263,Visible,1634,749
163522510316,Visible,1644,747
163522527420,Visible,1644,747
163522544679,Visible,1652,724
163522561704,Visible,1653,717
163522578714,Visible,1653,717
163522595905,Visible,1653,717
163522613047,Visible,1659,719
163522630481,Visible,1659,719
163522647602,Visible,1664,715
163522664687,Visible,1664,715
163522682241,Visible,1669,709
163522699339,Visible,1669,709
163522716760,Visible,1682,708
163522733997,Visible,1682,708
163522751086,Visible,1687,706
163522768152,Visible,1687,706
163522785468,Visible,1691,704
163522802485,Visible,1712,700
163522819751,Visible,1712,700
163522836894,Visible,1722,682
163522853890,Visible,1722,682
163522871083,Visible,1719,661
163522888257,Visible,1719,661
163522905420,Visible,1715,647
163522922805,Visible,1715,647
163522939823,Visible,1715,647
163522957111,Visible,1718,627
163522974450,Visible,1718,627
163522991444,Visible,1718,626
163523008478,Visible,1718,626
163523025585,Visible,1716,626
163523042549,Visible,1716,626
163523059615,Visible,1714,631
163523076695,Visible,1708,635
163523093667,Visible,1708,635
163523110889,Visible,1706,637
163523128161,Visible,1706,637
163523145616,Visible,1699,647
163523162776,Visible,1699,647
163523179992,Visible,1687,654
163523197125,Visible,1687,654
163523213972,Visible,1334,654
163523230844,Visible,1334,654
163523247859,Visible,1261,651
163523264999,Visible,1261,651
163523282221,Visible,1183,635
163523299436,Visible,1183,635
163523316491,Visible,1053,612
163523333399,Visible,1053,612
163523350612,Visible,990,603
163523367881,Visible,990,603
163523384802,Visible,947,587
163523401974,Visible,947,587
163523419198,Visible,915,568
163523436433,Visible,915,568
163523453570,Visible,891,562
163523470931,Visible,891,562
163523488007,Visible,886,543
163523505232,Visible,886,543
163523522535,Visible,882,537
163523540023,Visible,877,538
163523557006,Visible,877,538
163523574180,Visible,865,540
163523591563,Visible,865,540
163523608733,Visible,835,534
163523625705,Visible,835,534
163523643049,Visible,835,534
163523660071,Visible,796,540
163523677442,Visible,796,540
163523694632,Visible,760,544
163523711746,Visible,760,544
163523728723,Visible,718,547
163523746131,Visible,676,550
163523763145,Visible,676,550
163523780251,Visible,621,553
163523797593,Visible,621,553
163523814934,Visible,565,555
163523832059,Visible,565,555
163523849337,Visible,483,555
163523866366,Visible,483,555
163523883440,Visible,427,555
163523900665,Visible,427,555
163523917742,Visible,364,553
163523934715,Visible,364,553
163523951731,Visible,350,551
163523968756,Visible,350,551
163523986031,Visible,334,540
163524003225,Visible,334,540
163524020729,Visible,299,513
163524038068,Visible,299,513
163524055282,Visible,299,492
163524072567,Visible,299,492
163524089590,Visible,298,472
163524106731,Visible,298,472
163524123922,Visible,290,442
163524141068,Visible,290,442
163524158123,Visible,291,429
163524175390,Visible,291,429
163524192617,Visible,299,375
163524209627,Visible,299,375
163524227102,Visible,311,272
163524244370,Visible,356,198
163524261748,Visible,356,198
163524278897,Visible,411,110
163524295966,Visible,411,110
163524313373,Visible,449,49
163524330480,Visible,449,49
163524347646,Visible,449,49
163524364892,Visible,484,30
163524382248,Visible,484,30
163524399375,Visible,509,25
163524416464,Visible,509,25
163524433660,Visible,486,29
163524450576,Visible,478,43
163524467835,Visible,478,43
163524485228,Visible,475,47
163524502640,Visible,475,47
163524519641,Visible,473,50
163524537080,Visible,473,50
163524554151,Visible,471,53
163524571292,Visible,471,53
163524588422,Visible,472,61
163524605421,Visible,472,61
163524622521,Visible,470,67
163524639538,Visible,470,67
163524656564,Visible,489,692
163524673912,Visible,488,656
163524690756,Visible,488,656
163524707778,Visible,488,656
163524724988,Visible,454,636
163524742075,Visible,454,636
163524759179,Visible,435,610
163524776090,Visible,435,610
163524793220,Visible,425,551
163524810497,Visible,425,551
163524827631,Visible,426,442
163524844560,Visible,426,442
163524861587,Visible,426,341
163524878695,Visible,426,341
163524895773,Visible,416,295
163524913311,Visible,416,295
163524930579,Visible,416,208
163524947771,Visible,416,184
163524964922,Visible,416,184
163524982809,Visible,458,101
163525000048,Visible,458,101
163525017262,Visible,507,45
163525034575,Visible,507,45
163525051547,Visible,507,45
163525068777,Visible,586,0
163525085785,Visible,586,0
163525102825,Visible,644,0
163525120268,Visible,644,0
163525137456,Visible,1014,0
163525154450,Visible,1014,0
163525171382,Visible,956,0
163525188764,Lost,,
163525206043,Lost,,
163525223265,Lost,,
163525240631,Lost,,
163525257772,Lost,,
163525275012,Lost,,
163525292186,Lost,,
163525309034,Lost,,
163525326147,Lost,,
163525343231,Lost,,
163525360508,Lost,,
163525377672,Lost,,
163525394779,Lost,,
163525412046,Lost,,
163525429217,Lost,,
163525446439,Lost,,
163525463456,Lost,,
163525480566,Lost,,
163525497889,Lost,,
163525515260,Lost,,
163525532696,Lost,,
163525550052,Lost,,
163525567173,Visible,1663,839
163525584471,Lost,,
163525601760,Lost,,
163525619534,Lost,,
163525636740,Lost,,
163525654414,Lost,,
163525671640,Lost,,
163525688839,Lost,,
163525706039,Lost,,
163525723545,Lost,,
163525740662,Lost,,
163525757909,Lost,,
163525774958,Lost,,
163525792071,Lost,,
163525809189,Lost,,
163525826269,Lost,,
163525843237,Lost,,
163525860369,Lost,,
163525877319,Lost,,
163525894574,Lost,,
163525911615,Lost,,
163525928566,Lost,,
163525945793,Lost,,
163525962976,Lost,,
163525980050,Lost,,
163525997991,Lost,,
163526015071,Lost,,
163526032150,Lost,,
163526049200,Lost,,
163526066461,Lost,,
163526083658,Lost,,
163526100644,Lost,,
163526118053,Lost,,
163526135153,Lost,,
163526152310,Visible,830,241
163526169410,Visible,822,205
163526186287,Visible,822,205
163526203515,Visible,806,213
163526220526,Visible,806,213
163526237595,Visible,783,224
163526254646,Visible,783,224
163526271679,Visible,776,226
163526288886,Visible,776,226
163526305974,Visible,774,223
163526323208,Visible,774,223
163526340354,Visible,773,177
163526357685,Visible,788,154
163526375034,Visible,788,154
163526392019,Visible,797,125
163526409152,Visible,797,125
163526426343,Visible,809,91
163526443629,Visible,809,91
163526460678,Visible,809,91
163526477690,Visible,818,94
163526495014,Visible,818,94
163526512113,Visible,832,82
163526529199,Visible,832,82
163526546573,Visible,847,36
163526563779,Visible,894,0
163526580868,Visible,894,0
163526598268,Visible,968,0
163526615488,Visible,968,0
163526632873,Visible,1013,0
163526649989,Visible,1013,0
163526666894,Visible,1074,0
163526683925,Visible,1074,0
163526700940,Visible,1098,0
163526718057,Visible,1098,0
163526735306,Visible,1105,0
163526752533,Visible,1113,0
163526769544,Visible,1113,0
163526786954,Visible,1105,0
163526804140,Visible,1105,0
163526821346,Visible,1105,0
163526838444,Visible,1091,0
163526855633,Visible,1091,0
163526872721,Visible,1090,0
163526890017,Visible,1090,0
163526907047,Visible,1091,0
163526924117,Visible,1091,0
163526941293,Visible,1090,0
163526958607,Visible,1090,0
163526975807,Visible,1094,0
163526992632,Visible,1094,0
163527010372,Visible,1102,0
163527027492,Visible,1111,0
163527044988,Visible,1111,0
163527062127,Visible,1110,0
163527079271,Visible,1110,0
163527096417,Visible,1122,0
163527113586,Visible,1122,0
163527131014,Visible,1124,0
163527148259,Visible,1124,0
163527165402,Visible,1124,0
163527182514,Visible,1143,9
163527199792,Visible,1143,9
163527217158,Visible,1155,7
163527234233,Visible,1156,21
163527251255,Visible,1156,21
163527268436,Visible,1149,32
163527285668,Visible,1149,32
163527302878,Visible,1131,42
163527319929,Visible,1131,42
163527337011,Visible,1074,86
163527354091,Visible,1074,86
163527371204,Visible,998,138
163527388252,Visible,998,138
163527405326,Visible,921,197
163527422651,Visible,921,197
163527439996,Visible,873,279
163527457104,Visible,873,279
163527474324,Visible,850,376
163527491568,Visible,840,498
163527508671,Visible,840,498
163527525836,Visible,840,498
163527543140,Visible,862,622
163527560172,Visible,862,622
163527577166,Visible,873,647
163527594491,Visible,873,647
163527611678,Visible,878,696
163527628776,Visible,878,696
163527645787,Visible,886,738
163527663028,Visible,886,738
163527680386,Visible,874,735
163527697743,Visible,833,736
163527714799,Visible,833,736
163527731872,Visible,764,709
163527748872,Visible,764,709
163527765703,Visible,684,698
163527782993,Visible,684,698
163527800001,Visible,596,696
163527817244,Visible,596,696
163527834349,Visible,542,697
163527851425,Visible,542,697
163527868565,Visible,542,697
163527885604,Visible,500,690
163527902813,Visible,500,690
163527919959,Visible,465,691
163527937094,Visible,465,691
163527954134,Visible,499,691
163527971230,Visible,523,691
163527988371,Visible,523,691
163528005465,Visible,544,691
163528022772,Visible,544,691
163528040211,Visible,597,692
163528057452,Visible,597,692
163528074762,Visible,666,687
163528091973,Visible,666,687
163528109208,Visible,757,682
163528126409,Visible,757,682
163528143793,Visible,833,677
163528161031,Visible,833,677
163528178056,Visible,900,672
163528195136,Visible,956,659
163528212236,Visible,956,659
163528229247,Visible,956,659
163528246558,Visible,1034,644
163528263997,Visible,1034,644
163528281539,Visible,1067,632
163528298437,Visible,1067,632
163528315490,Visible,1079,616
163528332418,Visible,1079,616
163528349511,Visible,1073,598
163528366748,Visible,1073,598
163528383768,Visible,1060,580
163528400883,Visible,1060,580
163528418084,Visible,1061,564
163528435132,Visible,1058,553
163528452317,Visible,1058,553
163528469307,Visible,1052,553
163528486704,Visible,1052,553
163528504094,Visible,1038,544
163528521416,Visible,1038,544
163528538826,Visible,983,536
163528556106,Visible,983,536
163528573068,Visible,983,536
163528590119,Visible,865,527
163528607320,Visible,865,527
163528624628,Visible,790,528
163528641768,Visible,701,538
163528658980,Visible,701,538
163528676255,Visible,627,539
163528693555,Visible,627,539
163528710590,Visible,573,542
163528728086,Visible,573,542
163528745311,Visible,531,545
163528762642,Visible,531,545
163528779811,Visible,506,547
163528797006,Visible,506,547
163528814227,Visible,473,547
163528831299,Visible,473,547
163528848791,Visible,458,546
163528865830,Visible,440,541
163528882971,Visible,440,541
163528900252,Visible,429,527
163528917257,Visible,429,527
163528934258,Visible,429,527
163528951203,Visible,420,502
163528968465,Visible,420,502
163528985447,Visible,423,481
163529002795,Visible,423,481
163529020113,Visible,417,465
163529037679,Visible,417,465
163529054878,Visible,411,439
163529072100,Visible,411,439
163529089584,Visible,410,406
163529106681,Visible,409,387
163529124100,Visible,409,387
163529141308,Visible,403,388
163529158611,Visible,403,388
163529175555,Visible,399,400
163529192843,Visible,399,400
163529210159,Visible,397,406
163529227375,Visible,397,406
163529244499,Visible,392,408
163529261627,Visible,392,408
163529278677,Visible,392,408
163529295520,Visible,395,413
163529312505,Visible,395,413
163529329713,Visible,392,419
163529347072,Visible,395,428
163529364146,Visible,395,428
163529381524,Visible,397,448
163529398832,Visible,397,448
163529415989,Visible,401,468
163529433388,Visible,401,468
163529450490,Visible,407,503
163529467347,Visible,407,503
163529484303,Visible,413,503
163529501280,Visible,413,503
163529518489,Visible,442,501
163529535744,Visible,442,501
163529552691,Visible,465,510
163529569987,Visible,464,515
163529587183,Visible,464,515
163529604330,Visible,470,519
163529621835,Visible,470,519
163529639078,Visible,470,519
163529656385,Visible,479,526
163529673338,Visible,479,526
163529690604,Visible,489,542
163529707637,Visible,489,542
163529724548,Visible,496,576
163529741974,Visible,496,576
163529759249,Visible,508,612
163529776460,Visible,508,612
163529793910,Visible,517,701
163529810960,Visible,518,774
163529828312,Visible,518,774
163529845451,Visible,522,792
163529862864,Visible,522,792
163529880068,Visible,525,785
163529897089,Visible,525,785
163529914199,Visible,532,791
163529931572,Visible,532,791
163529948784,Visible,542,791
163529966029,Visible,542,791
163529983065,Visible,542,791
163530000122,Visible,555,782
163530017293,Visible,555,782
163530034526,Visible,558,780
163530051806,Visible,559,787
163530069041,Visible,559,787
163530086239,Visible,557,795
163530103196,Visible,557,795
163530120438,Visible,556,809
163530137637,Visible,556,809
163530154917,Visible,557,813
163530172075,Visible,557,813
163530189120,Visible,555,817
163530206470,Visible,555,817
163530223597,Visible,553,817
163530240702,Visible,553,817
163530257905,Visible,550,819
163530275302,Visible,550,819
163530292370,Visible,548,820
163530309688,Visible,547,828
163530326921,Visible,547,828
163530344136,Visible,547,828
163530361322,Visible,543,821
163530378556,Visible,543,821
163530395633,Visible,538,815
163530413053,Visible,538,815
163530430096,Visible,534,791
163530447236,Visible,534,791
163530464558,Visible,515,768
163530481671,Visible,515,768
163530499050,Visible,503,755
163530516279,Visible,491,745
163530533435,Visible,491,745
163530550620,Visible,479,731
163530567839,Visible,479,731
163530584936,Visible,471,720
163530601934,Visible,471,720
163530619104,Visible,457,720
163530636329,Visible,457,720
163530653561,Visible,429,709
163530670674,Visible,429,709
163530687845,Visible,429,709
163530705180,Visible,407,701
163530722135,Visible,389,700
163530739497,Visible,389,700
163530756765,Visible,382,690
163530774035,Visible,382,690
163530791349,Visible,368,680
163530808541,Visible,368,680
163530825838,Visible,342,675
163530842935,Visible,342,675
163530860004,Visible,336,677
163530877142,Visible,336,677
163530894240,Visible,331,670
163530911424,Visible,331,670
163530928852,Visible,325,661
163530945874,Visible,322,657
163530963241,Visible,322,657
163530980684,Visible,322,655
163530997855,Visible,322,655
163531015264,Visible,321,654
163531032571,Visible,321,654
163531050008,Visible,321,654
163531067139,Visible,316,650
163531084376,Visible,316,650
163531101782,Visible,318,650
163531118985,Visible,318,650
163531135925,Visible,318,648
163531153089,Visible,318,648
163531170154,Visible,320,644
163531187416,Visible,321,642
163531204350,Visible,321,642
163531221453,Visible,324,642
163531238462,Visible,324,642
163531255626,Visible,332,644
163531273077,Visible,332,644
163531290224,Visible,338,645
163531307524,Visible,338,645
163531324725,Visible,347,646
163531341850,Visible,347,646
163531359239,Visible,356,687
163531376358,Visible,356,687
163531393577,Visible,356,687
163531410658,Visible,364,788
163531427980,Visible,366,825
163531445367,Visible,366,825
163531462443,Visible,369,869
163531479750,Visible,369,869
163531497184,Visible,377,908
163531514427,Visible,377,908
163531531524,Visible,384,958
163531548676,Visible,384,958
163531566040,Visible,390,996
163531583292,Visible,390,996
163531600208,Visible,391,1023
163531617298,Visible,393,1022
163531634480,Visible,393,1022
163531651498,Visible,393,1022
163531668560,Visible,392,1001
163531685717,Visible,389,990
163531703154,Visible,389,990
163531720572,Visible,380,984
163531737909,Visible,380,984
163531755551,Visible,380,984
163531772682,Visible,362,969
163531790018,Visible,362,969
163531807283,Visible,352,951
163531824487,Visible,352,951
163531841603,Visible,348,911
163531858708,Visible,342,870
163531875541,Visible,342,870
163531892768,Visible,333,844
163531909937,Visible,333,844
163531927135,Visible,322,819
163531944204,Visible,322,819
163531961281,Visible,311,811
163531978706,Visible,311,811
163531996077,Visible,295,807
163532013356,Visible,295,807
163532030474,Visible,285,792
163532047769,Visible,285,792
163532065115,Visible,282,775
163532082366,Visible,282,775
163532099673,Visible,274,767
163532116930,Visible,274,767
163532134149,Visible,268,767
163532151354,Visible,268,767
163532168497,Visible,260,767
163532185542,Visible,260,767
163532202765,Visible,262,775
163532219947,Visible,262,775
163532236949,Visible,270,775
163532253910,Visible,270,775
163532271263,Visible,300,776
163532288436,Visible,300,776
163532305854,Visible,345,777
163532323068,Visible,390,781
163532340152,Visible,390,781
163532357311,Visible,422,791
163532374628,Visible,422,791
163532391847,Visible,449,808
163532408931,Visible,449,808
163532425901,Visible,474,816
163532443185,Visible,474,816
163532460403,Visible,474,816
163532477343,Visible,495,819
163532494619,Visible,495,819
163532511672,Visible,502,828
163532528798,Visible,502,828
163532545792,Visible,518,852
163532562901,Visible,550,870
163532580175,Visible,550,870
163532597177,Visible,582,885
163532614194,Visible,582,885
163532631349,Visible,613,897
163532648530,Visible,613,897
163532666066,Visible,629,903
163532683446,Visible,629,903
163532700628,Visible,660,904
163532717465,Visible,660,904
163532734514,Visible,699,894
163532751947,Visible,699,894
163532769133,Visible,722,893
163532786481,Visible,722,893
163532803687,Visible,725,889
163532820766,Visible,725,889
163532837912,Visible,715,889
163532854918,Visible,715,889
163532872496,Visible,703,892
163532889755,Visible,703,892
163532906834,Visible,696,895
163532924099,Visible,696,895
163532941600,Visible,680,900
163532958820,Visible,680,900
163532976031,Visible,657,902
163532992911,Visible,657,902
163533010149,Visible,631,903
163533027404,Visible,602,905
163533044394,Visible,602,905
163533061467,Visible,585,904
163533078594,Visible,585,904
163533095857,Visible,575,901
163533113059,Visible,575,901
163533130161,Visible,576,898
163533147389,Visible,576,898
163533164659,Visible,576,898
163533181694,Visible,577,892
163533198647,Visible,577,892
163533215832,Visible,576,891
163533232879,Visible,576,891
163533250110,Visible,576,893
163533267234,Visible,579,891
163533284525,Visible,579,891
163533301905,Visible,582,891
163533319215,Visible,582,891
163533336426,Visible,592,891
163533353507,Visible,592,891
163533370862,Visible,607,890
163533388129,Visible,607,890
163533405276,Visible,637,889
163533422615,Visible,637,889
163533439746,Visible,685,886
163533456993,Visible,685,886
163533474205,Visible,825,881
163533491317,Visible,825,881
163533508427,Visible,970,875
163533525843,Visible,970,875
163533543368,Visible,1042,871
163533560756,Visible,1042,871
163533577995,Visible,1094,867
163533595165,Visible,1094,867
163533612032,Visible,1137,866
163533628969,Visible,1137,866
163533646198,Visible,1176,865
163533663397,Visible,1176,865
163533680708,Visible,1215,861
163533697823,Visible,1215,861
163533714872,Visible,1244,856
163533732178,Visible,1277,851
163533749377,Visible,1277,851
163533766657,Visible,1308,847
163533783866,Visible,1308,847
163533801241,Visible,1337,847
163533818108,Visible,1337,847
163533835124,Visible,1360,846
163533852015,Visible,1360,846
163533869025,Visible,1360,846
163533886047,Visible,1361,844
163533903061,Visible,1361,844
163533920112,Visible,1334,818
163533937262,Visible,1318,767
163533954447,Visible,1318,767
163533971764,Visible,1276,720
163533988767,Visible,1276,720
163534005901,Visible,1216,682
163534023247,Visible,1216,682
163534040331,Visible,1156,652
163534057569,Visible,1156,652
163534074505,Visible,1090,632
163534091638,Visible,1090,632
163534109029,Visible,1035,633
163534126287,Visible,1035,633
163534143353,Visible,1011,659
163534160551,Visible,1011,659
163534177703,Visible,997,677
163534195142,Visible,997,677
163534212278,Visible,1001,753
163534229511,Visible,1001,753
163534246798,Visible,1007,798
163534263874,Visible,1007,798
163534280938,Visible,1008,872
163534298077,Visible,1008,872
163534315079,Visible,1007,911
163534332318,Visible,1007,911
163534349350,Visible,1005,952
163534366806,Visible,1005,952
163534383977,Visible,1002,1003
163534401228,Visible,1002,1003
163534418334,Visible,1002,1011
163534435718,Visible,983,996
163534452592,Visible,983,996
163534469774,Visible,928,976
163534487077,Visible,928,976
163534504175,Visible,841,956
163534521279,Visible,841,956
163534538415,Visible,761,927
163534555804,Visible,761,927
163534572979,Visible,761,927
163534590494,Visible,678,864
163534607609,Visible,678,864
163534624813,Visible,642,843
163534641984,Visible,642,843
163534658899,Visible,607,819
163534676228,Visible,582,794
163534693398,Visible,582,794
163534710415,Visible,564,779
163534727859,Visible,564,779
163534744932,Visible,531,773
163534762089,Visible,531,773
163534779254,Visible,504,754
163534796428,Visible,504,754
163534813312,Visible,483,739
163534830390,Visible,483,739
163534847832,Visible,474,726
163534864853,Visible,474,726
163534881690,Visible,472,716
163534898717,Visible,472,716
163534915938,Visible,472,716
163534933358,Visible,444,722
163534950377,Visible,435,721
163534967558,Visible,435,721
163534984643,Visible,435,724
163535001578,Visible,435,724
163535018742,Visible,461,728
163535036134,Visible,461,728
163535053104,Visible,533,731
163535070650,Visible,533,731
163535087827,Visible,632,741
163535104667,Visible,632,741
163535122202,Visible,688,757
163535139501,Visible,752,778
163535156577,Visible,752,778
163535174043,Visible,791,801
163535191264,Visible,791,801
163535208351,Visible,820,815
163535225606,Visible,820,815
163535242952,Visible,831,826
163535259931,Visible,831,826
163535277111,Visible,831,826
163535294108,Visible,832,840
163535311282,Visible,832,840
163535328549,Visible,848,843
163535345819,Visible,848,843
163535362898,Visible,860,841
163535380001,Visible,882,844
163535397099,Visible,882,844
163535414381,Visible,908,845
163535431593,Visible,908,845
163535448943,Visible,926,843
163535466227,Visible,926,843
163535483400,Visible,936,867
163535500627,Visible,936,867
163535517611,Visible,945,878
163535534796,Visible,945,878
163535551946,Visible,961,891
163535569169,Visible,961,891
163535586496,Visible,971,904
163535603513,Visible,971,904
163535620630,Visible,989,919
163535637529,Visible,989,919
163535654652,Visible,996,920
163535672062,Visible,996,920
163535689231,Visible,1004,929
163535706401,Visible,1004,929
163535723596,Visible,1019,949
163535740552,Visible,1019,949
163535757598,Visible,1026,952
163535774675,Visible,1026,952
163535791865,Visible,1033,962
163535809142,Visible,1033,962
163535826231,Visible,1037,969
163535843460,Visible,1037,969
163535860589,Visible,1031,963
163535877755,Visible,1027,959
163535894740,Visible,1027,959
163535912209,Visible,1024,956
163535929413,Visible,1024,956
163535946551,Visible,1022,950
163535963638,Visible,1022,950
163535981080,Visible,1022,950
163535998517,Visible,1010,940
163536015662,Visible,1010,940
163536032857,Visible,1002,933
163536049982,Visible,982,924
163536066927,Visible,982,924
163536084038,Visible,975,925
163536101019,Visible,975,925
163536118384,Visible,970,925
163536135618,Visible,970,925
163536153260,Visible,972,927
163536170467,Visible,972,927
163536187550,Visible,977,929
163536204772,Visible,977,929
163536222133,Visible,989,929
163536239401,Visible,989,929
163536256589,Visible,1006,929
163536273603,Visible,1041,928
163536290854,Visible,1041,928
163536308078,Visible,1041,928
163536325260,Visible,1125,927
163536342664,Visible,1125,927
163536360044,Visible,1198,926
163536377312,Visible,1198,926
163536394197,Visible,1281,925
163536411350,Visible,1281,925
163536428269,Visible,1352,924
163536445660,Visible,1352,924
163536462845,Visible,1409,926
163536479989,Visible,1409,926
163536497107,Visible,1445,925
163536514330,Visible,1469,925
163536531331,Visible,1469,925
163536548876,Visible,1472,925
163536566231,Visible,1472,925
163536583232,Visible,1495,926
163536600541,Visible,1495,926
163536617687,Visible,1512,926
163536634690,Visible,1512,926
163536651958,Visible,1533,933
163536669533,Visible,1533,933
163536686483,Visible,1533,933
163536703453,Visible,1552,934
163536720410,Visible,1552,934
163536737816,Visible,1577,938
163536754990,Visible,1598,940
163536771934,Visible,1598,940
163536789102,Visible,1607,943
163536806297,Visible,1607,943
163536823413,Visible,1614,944
163536840597,Visible,1614,944
163536857589,Visible,1621,948
163536874618,Visible,1621,948
163536891749,Visible,1623,949
163536909060,Visible,1623,949
163536925923,Visible,1629,948
163536943171,Visible,1629,948
163536960380,Visible,1634,947
163536977758,Visible,1634,947
163536994787,Visible,1634,947
163537011914,Visible,1634,947
163537028929,Visible,1642,949
163537045956,Visible,1642,949
163537062972,Visible,1643,950
163537079982,Visible,1643,950
163537096998,Visible,1642,950
163537114006,Visible,1642,950
163537131284,Visible,1642,949
163537148515,Visible,1642,949
163537165694,Visible,1646,950
163537182522,Visible,1646,950
163537199403,Visible,1644,950
163537216630,Visible,1644,950
163537233868,Visible,1643,950
163537251168,Visible,1642,952
163537268426,Visible,1642,952
163537285702,Visible,1154,940
163537302801,Visible,1154,940
163537320040,Visible,1057,903
163537337435,Visible,1057,903
163537354696,Visible,938,844
163537371890,Visible,938,844
163537389030,Visible,938,844
163537406103,Visible,767,760
163537423624,Visible,767,760
163537440771,Visible,685,717
163537457998,Visible,685,717
163537475130,Visible,601,657
163537492248,Visible,601,657
163537509434,Visible,549,608
163537526705,Visible,514,597
163537543697,Visible,514,597
163537561231,Visible,492,578
163537578091,Visible,492,578
163537595364,Visible,454,573
163537612764,Visible,454,573
163537630151,Visible,421,579
163537647381,Visible,421,579
163537664577,Visible,364,551
163537681592,Visible,310,502
163537698971,Visible,310,502
163537716034,Visible,310,502
163537733101,Visible,282,475
163537750162,Visible,282,475
163537767139,Visible,286,445
163537784414,Visible,286,445
163537801548,Visible,281,424
163537818686,Visible,281,424
163537835761,Visible,253,427
163537852901,Visible,253,427
163537870079,Visible,246,412
163537887324,Visible,246,412
163537904433,Visible,215,398
163537921617,Visible,215,398
163537938849,Visible,194,393
163537955883,Visible,222,407
163537973051,Visible,222,407
163537990053,Visible,221,408
163538007189,Visible,221,408
163538024468,Visible,220,407
163538041470,Visible,220,407
163538058610,Visible,219,407
163538075763,Visible,219,407
163538092701,Visible,219,407
163538110106,Visible,216,406
163538127527,Visible,216,406
163538144769,Visible,247,403
163538162538,Visible,279,376
163538179534,Visible,279,376
163538196881,Visible,283,343
163538214299,Visible,283,343
163538231621,Visible,274,313
163538249105,Visible,274,313
163538266600,Visible,273,263
163538283583,Visible,273,263
163538300778,Visible,279,210
163538318018,Visible,279,210
163538335093,Visible,292,163
163538352173,Visible,292,163
163538369215,Visible,318,133
163538386246,Visible,318,133
163538403700,Visible,351,112
163538420711,Visible,351,112
163538437829,Visible,413,110
163538455078,Visible,413,110
163538472313,Visible,440,107
163538489260,Visible,440,107
163538506221,Visible,446,108
163538523159,Visible,446,108
163538540218,Visible,434,111
163538557290,Visible,434,111
163538574496,Visible,427,112
163538591573,Visible,427,112
163538608655,Visible,408,119
163538625673,Visible,408,119
163538642831,Visible,389,122
163538660204,Visible,371,125
163538677252,Visible,371,125
163538694438,Visible,332,133
163538711817,Visible,332,133
163538728876,Visible,322,138
163538745898,Visible,322,138
163538763407,Visible,315,141
163538780792,Visible,315,141
163538798089,Visible,315,141
163538815416,Visible,309,149
163538832427,Visible,309,149
163538849544,Visible,319,152
163538866645,Visible,348,157
163538884070,Visible,348,157
163538901331,Visible,395,161
163538918708,Visible,395,161
163538935784,Visible,426,172
163538952859,Visible,426,172
163538970087,Visible,506,175
163538987270,Visible,506,175
163539004384,Visible,674,173
163539021831,Visible,674,173
163539038830,Visible,809,167
163539056012,Visible,809,167
163539073229,Visible,883,162
163539090367,Visible,969,158
163539107745,Visible,969,158
163539124762,Visible,969,158
163539141962,Visible,969,158
163539158971,Visible,1002,156
163539176394,Visible,1033,156
163539193486,Visible,1033,156
163539210665,Visible,1091,161
163539227762,Visible,1091,161
163539244956,Visible,1163,162
163539262147,Visible,1163,162
163539279120,Visible,1232,164
163539296256,Visible,1232,164
163539313288,Visible,1262,169
163539330341,Visible,1262,169
163539347612,Visible,1279,181
163539364871,Visible,1278,182
163539382297,Visible,1278,182
163539399414,Visible,1242,206
163539416648,Visible,1242,206
163539433604,Visible,1213,244
163539451089,Visible,1213,244
163539468745,Visible,850,290
163539485748,Visible,850,290
163539503058,Visible,850,290
163539520533,Visible,760,309
163539537775,Visible,710,311
163539555266,Visible,710,311
163539572547,Visible,642,307
163539589755,Visible,642,307
163539606989,Visible,688,316
163539624097,Visible,688,316
163539641078,Visible,705,328
163539658370,Visible,705,328
163539675400,Visible,726,332
163539692596,Visible,726,332
163539709692,Visible,737,337
163539726818,Visible,737,337
163539743759,Visible,750,385
163539760801,Visible,767,425
163539778371,Visible,767,425
163539795598,Visible,779,474
163539812961,Visible,779,474
163539830165,Visible,779,474
163539847307,Visible,804,545
163539864636,Visible,804,545
163539881782,Visible,813,552
163539898798,Visible,813,552
163539915731,Visible,829,550
163539932837,Visible,829,550
163539950183,Visible,853,543
163539967383,Visible,853,543
163539984581,Visible,879,546
163540001658,Visible,922,539
163540018918,Visible,922,539
163540035931,Visible,974,536
163540053219,Visible,974,536
163540070173,Visible,1019,531
163540087269,Visible,1019,531
163540104196,Visible,1049,527
163540121341,Visible,1049,527
163540138337,Visible,1073,523
163540155434,Visible,1073,523
163540172354,Visible,1094,520
163540189614,Visible,1094,520
163540206738,Visible,1094,520
163540224005,Visible,1128,507
163540241239,Visible,1138,501
163540258386,Visible,1138,501
163540275679,Visible,1143,488
163540293094,Visible,1143,488
163540310343,Visible,1159,478
163540327380,Visible,1159,478
163540344368,Visible,1176,473
163540361572,Visible,1176,473
163540378748,Visible,1200,458
163540396196,Visible,1200,458
163540413284,Visible,1229,450
163540430435,Visible,1229,450
163540447752,Visible,1251,437
163540465135,Visible,1251,437
163540482492,Visible,1276,424
163540499502,Visible,1292,424
163540516735,Visible,1292,424
163540533806,Visible,1292,424
163540550990,Visible,1317,414
163540568063,Visible,1317,414
163540585272,Visible,1332,402
163540602495,Visible,1332,402
163540619698,Visible,1336,392
163540637147,Visible,1336,392
163540654164,Visible,1332,390
163540671321,Visible,1332,390
163540688717,Visible,390,420
163540705832,Visible,381,401
163540723145,Visible,381,401
163540740423,Visible,391,395
163540757583,Visible,391,395
163540774803,Visible,382,379
163540792092,Visible,382,379
163540809185,Visible,404,375
163540826328,Visible,404,375
163540843531,Visible,398,375
163540860971,Visible,398,375
163540878224,Visible,393,382
163540895428,Visible,393,382
163540912732,Visible,393,382
163540929937,Visible,382,388
163540947246,Visible,366,388
163540964255,Visible,366,388
163540981471,Visible,353,388
163540998765,Visible,353,388
163541015990,Visible,347,390
163541033168,Visible,347,390
163541050385,Visible,340,392
163541067538,Visible,340,392
163541084555,Visible,340,405
163541101660,Visible,340,405
163541119011,Visible,345,420
163541136227,Visible,345,420
163541153397,Visible,345,429
163541170708,Visible,344,438
163541187578,Visible,344,438
163541204906,Visible,347,435
163541222036,Visible,347,435
163541239216,Visible,347,435
163541256373,Visible,347,430
163541273623,Visible,347,430
163541290809,Visible,346,428
163541308073,Visible,346,428
163541325347,Visible,344,426
163541342500,Visible,344,426
163541359566,Visible,344,421
163541376708,Visible,346,415
163541394068,Visible,346,415
163541411905,Visible,359,399
163541429003,Visible,359,399
163541446355,Visible,369,375
163541463957,Visible,369,375
163541481137,Visible,377,359
163541498428,Visible,377,359
163541515981,Visible,418,334
163541533091,Visible,418,334
163541550229,Visible,483,304
163541567536,Visible,483,304
163541584820,Visible,571,280
163541602233,Visible,571,280
163541619349,Visible,571,280
163541636583,Visible,699,261
163541653757,Visible,742,245
163541670679,Visible,742,245
163541688087,Visible,810,226
163541705329,Visible,810,226
163541722487,Visible,848,221
163541739660,Visible,848,221
163541757179,Visible,910,201
163541774079,Visible,910,201
163541791285,Visible,983,193
163541808522,Visible,983,193
163541825574,Visible,1035,187
163541842592,Visible,1082,186
163541859903,Visible,1082,186
163541877057,Visible,1133,179
163541894275,Visible,1133,179
163541911555,Visible,1178,179
163541928619,Visible,1178,179
163541945977,Visible,1178,179
163541963030,Visible,1197,184
163541980337,Visible,1197,184
163541997562,Visible,796,218
163542015049,Visible,796,218
163542032161,Visible,767,277
163542049180,Visible,715,367
163542066293,Visible,715,367
163542083323,Visible,653,438
163542100456,Visible,653,438
163542117636,Visible,608,497
163542134944,Visible,608,497
163542152078,Visible,569,523
163542169425,Visible,569,523
163542186424,Visible,554,541
163542203805,Visible,554,541
163542221174,Visible,536,550
163542238274,Visible,536,550
163542255151,Visible,522,565
163542272474,Visible,522,565
163542289739,Visible,519,581
163542306923,Visible,519,581
163542324016,Visible,510,612
163542340905,Visible,510,612
163542358088,Visible,511,638
163542375364,Visible,511,638
163542392381,Visible,511,702
163542409749,Visible,511,702
163542427080,Visible,511,741
163542444288,Visible,511,741
163542461363,Visible,509,781
163542478487,Visible,509,781
163542495535,Visible,509,828
163542512844,Visible,509,828
163542529938,Visible,512,856
163542547172,Visible,511,877
163542564417,Visible,511,877
163542581593,Visible,511,904
163542598894,Visible,511,904
163542616066,Visible,511,914
163542633072,Visible,511,914
163542650246,Visible,511,914
163542667436,Visible,520,913
163542684658,Visible,520,913
163542701834,Visible,527,909
163542719179,Visible,527,909
163542736262,Visible,532,906
163542753612,Visible,532,906
163542770757,Visible,538,902
163542788247,Visible,538,899
163542805547,Visible,538,899
163542822742,Visible,538,897
163542840070,Visible,538,897
163542857196,Visible,536,894
163542874325,Visible,536,894
163542891356,Visible,535,889
163542908415,Visible,535,889
163542925536,Visible,536,883
163542942721,Visible,536,883
163542960243,Visible,592,855
163542977643,Visible,592,855
163542994714,Visible,668,827
163543012055,Visible,668,827
163543029145,Visible,767,781
163543046055,Visible,767,781
163543063192,Visible,817,753
163543080789,Visible,817,753
163543097881,Visible,883,732
163543115076,Visible,883,732
163543132397,Visible,923,713
163543149543,Visible,923,713
163543166737,Visible,959,699
163543183758,Visible,959,699
163543200951,Visible,994,689
163543218196,Visible,994,689
163543235217,Visible,1039,675
163543252417,Visible,1067,655
163543269322,Visible,1067,655
163543286495,Visible,1095,646
163543303513,Visible,1095,646
163543320534,Visible,1117,622
163543337618,Visible,1117,622
163543354644,Visible,1117,622
163543371643,Visible,1152,577
163543388917,Visible,1152,577
163543405924,Visible,1173,543
163543423171,Visible,1173,543
163543440371,Visible,1188,519
163543457752,Visible,1210,514
163543475005,Visible,1210,514
163543492250,Visible,1210,514
163543509248,Visible,1240,503
163543526509,Visible,1266,503
163543543751,Visible,1266,503
163543560753,Visible,1321,502
163543577761,Visible,1321,502
163543594844,Visible,1385,504
163543612373,Visible,1385,504
163543629472,Visible,1423,504
163543646742,Visible,1423,504
163543664049,Visible,1385,514
163543681246,Visible,1331,548
163543698520,Visible,1331,548
163543715434,Visible,1331,548
163543732482,Visible,1247,612
163543749595,Visible,1247,612
163543766615,Visible,1186,649
163543784050,Visible,1186,649
163543801189,Visible,1110,691
163543818091,Visible,1110,691
163543835138,Visible,1004,733
163543852545,Visible,1004,733
163543869523,Visible,882,780
163543886601,Visible,882,780
163543903699,Visible,782,812
163543920729,Visible,782,812
163543937680,Visible,699,840
163543955153,Visible,647,866
163543972463,Visible,647,866
163543989693,Visible,624,902
163544006731,Visible,624,902
163544023743,Visible,593,924
163544040758,Visible,593,924
163544057771,Visible,593,924
163544075063,Visible,545,942
163544092364,Visible,545,942
163544109564,Visible,526,954
163544126803,Visible,526,954
163544143926,Visible,531,949
163544161242,Visible,531,949
163544178404,Visible,531,946
163544195735,Visible,538,944
163544212716,Visible,538,944
163544230056,Visible,547,948
163544247767,Visible,547,948
163544265134,Visible,552,948
163544282423,Visible,552,948
163544299521,Visible,554,948
163544316932,Visible,554,948
163544334095,Visible,580,942
163544351229,Visible,580,942
163544368488,Visible,627,935
163544385585,Visible,691,926
163544402765,Visible,691,926
163544420092,Visible,691,926
163544437220,Visible,764,917
163544454488,Visible,764,917
163544471394,Visible,800,908
163544488659,Visible,800,908
163544505768,Visible,832,900
163544522913,Visible,832,900
163544540047,Visible,910,892
163544557180,Visible,910,892
163544574093,Visible,978,878
163544591071,Visible,978,878
163544608369,Visible,1029,874
163544625628,Visible,1073,867
163544642804,Visible,1073,867
163544660070,Visible,1115,863
163544677076,Visible,1115,863
163544694269,Visible,1155,858
163544711471,Visible,1155,858
163544728860,Visible,1174,857
163544746384,Visible,1174,857
163544763479,Visible,1174,857
163544780711,Visible,1199,845
163544797935,Visible,1199,845
163544815239,Visible,1216,841
163544832258,Visible,1216,841
163544849519,Visible,1258,837
163544866609,Visible,1291,833
163544883648,Visible,1291,833
163544900801,Visible,1330,831
163544917808,Visible,1330,831
163544934880,Visible,1361,830
163544952048,Visible,1361,830
163544969313,Visible,1378,829
163544986675,Visible,1378,829
163545003785,Visible,1411,827
163545020793,Visible,1411,827
163545037932,Visible,1427,829
163545055261,Visible,1427,829
163545072452,Visible,1435,820
163545089740,Visible,1435,820
163545107052,Visible,1410,810
163545124256,Visible,1410,810
163545141361,Visible,1410,810
163545158898,Visible,1038,824
163545175995,Visible,994,827
163545192923,Visible,994,827
163545210162,Visible,921,829
163545227693,Visible,921,829
163545244922,Visible,840,834
163545262073,Visible,840,834
163545279172,Visible,841,834
163545296521,Visible,841,834
163545313822,Visible,841,833
163545331136,Visible,842,833
163545348234,Visible,842,833
163545365610,Visible,841,832
163545382686,Visible,841,832
163545399775,Visible,841,832
163545416779,Visible,841,832
163545433749,Visible,818,838
163545450896,Visible,818,838
163545468347,Visible,818,838
163545485409,Visible,736,837
163545502307,Visible,736,837
163545519241,Visible,699,835
163545536344,Visible,699,835
163545553734,Visible,662,832
163545570953,Visible,638,827
163545588238,Visible,638,827
163545605419,Visible,616,818
163545622707,Visible,616,818
163545639889,Visible,603,807
163545657026,Visible,603,807
163545674095,Visible,597,781
163545691182,Visible,597,781
163545708419,Visible,596,742
163545725547,Visible,596,742
163545742619,Visible,589,694
163545759730,Visible,589,694
163545777007,Visible,584,658
163545794475,Visible,584,658
163545811697,Visible,578,631
163545829144,Visible,578,631
163545846346,Visible,580,604
163545863543,Visible,580,604
163545880791,Visible,579,591
163545898042,Visible,579,591
163545915386,Visible,577,587
163545932621,Visible,577,587
163545949702,Visible,576,579
163545966663,Visible,576,579
163545983867,Visible,575,559
163546000861,Visible,575,559
163546017927,Visible,575,550
163546035208,Visible,574,553
163546052078,Visible,574,553
163546069246,Visible,575,545
163546086637,Visible,575,545
163546104162,Visible,577,540
163546121393,Visible,577,540
163546138514,Visible,575,543
163546155421,Visible,575,543
163546172558,Visible,575,543
163546189873,Visible,569,553
163546207106,Visible,569,553
163546224295,Visible,567,554
163546241453,Visible,562,558
163546258750,Visible,562,558
163546276393,Visible,558,568
163546293599,Visible,558,568
163546310866,Visible,552,586
163546327919,Visible,552,586
163546345070,Visible,547,607
163546362207,Visible,547,607
163546379200,Visible,546,632
163546396492,Visible,546,632
163546413606,Visible,547,644
163546430879,Visible,547,644
163546447992,Visible,547,652
163546465139,Visible,547,654
163546482290,Visible,547,654
163546499656,Visible,545,662
163546516688,Visible,545,662
163546534147,Visible,545,662
163546551257,Visible,542,663
163546568451,Visible,542,663
163546585517,Visible,539,664
163546602570,Visible,539,664
163546619620,Visible,528,667
163546636666,Visible,528,667
163546653852,Visible,532,666
163546670788,Visible,532,666
163546687989,Visible,534,664
163546705148,Visible,538,666
163546722444,Visible,538,666
163546739641,Visible,548,668
163546756794,Visible,548,668
163546774052,Visible,570,668
163546791244,Visible,570,668
163546808805,Visible,574,668
163546825927,Visible,574,668
163546842930,Visible,572,664
163546860185,Visible,572,664
163546877361,Visible,572,664
163546894464,Visible,567,639
163546911661,Visible,567,639
163546928939,Visible,560,618
163546945962,Visible,547,599
163546963016,Visible,547,599
163546980132,Visible,530,575
163546997496,Visible,530,575
163547014970,Visible,510,567
163547031946,Visible,510,567
163547049131,Visible,494,555
163547066269,Visible,494,555
163547083163,Visible,485,542
163547100126,Visible,485,542
163547117281,Visible,471,533
163547134514,Visible,471,533
163547151828,Visible,464,530
163547169074,Visible,464,530
163547186072,Visible,449,533
163547203538,Visible,447,532
163547220454,Visible,447,532
163547237996,Visible,447,532
163547255400,Visible,437,537
163547272411,Visible,437,537
163547289889,Visible,434,539
163547307209,Visible,434,539
163547324487,Visible,437,540
163547341613,Visible,437,540
163547358645,Visible,450,542
163547375660,Visible,450,542
163547392722,Visible,473,544
163547410057,Visible,515,549
163547427405,Visible,515,549
163547444508,Visible,545,557
163547461709,Visible,545,557
163547478905,Visible,590,565
163547496337,Visible,590,565
163547513370,Visible,632,573
163547530435,Visible,632,573
163547547564,Visible,689,575
163547564569,Visible,689,575
163547581687,Visible,689,575
163547598979,Visible,760,577
163547616274,Visible,760,577
163547633392,Visible,801,579
163547650509,Visible,831,585
163547667689,Visible,831,585
163547684715,Visible,862,591
163547701898,Visible,862,591
163547719324,Visible,911,599
163547736538,Visible,911,599
163547753723,Visible,945,603
163547770836,Visible,945,603
163547787961,Visible,981,605
163547804988,Visible,981,605
163547822241,Visible,1003,607
163547839363,Visible,1003,607
163547856418,Visible,1027,607
163547873438,Visible,1045,606
163547890553,Visible,1045,606
163547907588,Visible,1066,607
163547925004,Visible,1066,607
163547942205,Visible,1066,607
163547959651,Visible,1082,609
163547976859,Visible,1082,609
163547994101,Visible,1087,608
163548011420,Visible,1087,608
163548028463,Visible,1084,608
163548045571,Visible,1084,608
163548063011,Visible,1087,609
163548080125,Visible,1087,609
163548097196,Visible,1094,612
163548114306,Visible,1109,612
163548131582,Visible,1109,612
163548148829,Visible,1125,611
163548166038,Visible,1125,611
163548183377,Visible,1140,610
163548200405,Visible,1140,610
163548217466,Visible,1152,607
163548234792,Visible,1152,607
163548251903,Visible,1183,604
163548268856,Visible,1183,604
163548285895,Visible,1183,604
163548303431,Visible,1210,604
163548320561,Visible,1210,604
163548337779,Visible,1215,605
163548355176,Visible,1213,606
163548372376,Visible,1213,606
163548389604,Visible,1210,609
163548406842,Visible,1210,609
163548424069,Visible,1207,610
163548441203,Visible,1207,610
163548458451,Visible,1205,611
163548475776,Visible,1205,611
163548492916,Visible,1203,613
163548510244,Visible,1203,613
163548527670,Visible,1201,613
163548544869,Visible,1201,613
163548562333,Visible,1199,613
163548579382,Visible,1201,607
163548596421,Visible,1201,607
163548613702,Visible,1203,582
163548630944,Visible,1203,582
163548648088,Visible,1203,582
163548665243,Visible,1212,531
163548682408,Visible,1212,531
163548699774,Visible,1219,477
163548716833,Visible,1219,477
163548734096,Visible,1238,417
163548751234,Visible,1238,417
163548768148,Visible,1263,360
163548785156,Visible,1276,335
163548802527,Visible,1276,335
163548819881,Visible,1295,298
163548836894,Visible,1295,298
163548853917,Visible,1304,269
163548870825,Visible,1304,269
163548888055,Visible,1303,252
163548905040,Visible,1303,252
163548922223,Visible,1294,242
163548939146,Visible,1294,242
163548956345,Visible,1290,243
163548973732,Visible,1290,243
163548990688,Visible,1290,243
163549007787,Visible,1288,213
163549024790,Visible,1288,213
163549042143,Visible,1289,200
163549059237,Visible,1289,199
163549076317,Visible,1289,199
163549093795,Visible,1285,195
163549111074,Visible,1285,195
163549128087,Visible,1284,192
163549145041,Visible,1284,192
163549162224,Visible,1281,195
163549179166,Visible,1281,195
163549196597,Visible,1276,201
163549213851,Visible,1276,201
163549231114,Visible,1269,202
163549248275,Visible,1269,202
163549265212,Visible,1264,202
163549282286,Visible,1258,205
163549299318,Visible,1258,205
163549317090,Visible,1243,209
163549334311,Visible,1243,209
163549351713,Visible,1243,209
163549368835,Visible,1217,236
163549386042,Visible,1217,236
163549403260,Visible,1208,261
163549420562,Visible,1208,261
163549437758,Visible,1197,295
163549455144,Visible,1197,295
163549472253,Visible,1183,329
163549489527,Visible,1176,358
163549506553,Visible,1176,358
163549523608,Visible,1157,394
163549540930,Visible,1157,394
163549558079,Visible,1139,413
163549575244,Visible,1139,413
163549592528,Visible,1122,442
163549609671,Visible,1122,442
163549626908,Visible,1115,463
163549644401,Visible,1115,463
163549661356,Visible,1114,481
163549678752,Visible,1114,481
163549695973,Visible,1114,481
163549713248,Visible,1106,507
163549730195,Visible,1101,522
163549747271,Visible,1101,522
163549764666,Visible,1097,540
163549781903,Visible,1097,540
163549798955,Visible,1094,554
163549816179,Visible,1094,554
163549833367,Visible,1089,566
163549850498,Visible,1089,566
163549867464,Visible,1082,575
163549884471,Visible,1082,575
163549901324,Visible,1074,579
163549918628,Visible,1074,579
163549935652,Visible,1073,581
163549952681,Visible,1073,581
163549970218,Visible,1073,582
163549987433,Visible,1075,586
163550004703,Visible,1075,586
163550021722,Visible,1075,601
163550038960,Visible,1075,601
163550056190,Visible,1075,601
163550073483,Visible,1074,615
163550090470,Visible,1074,615
163550107452,Visible,1020,656
163550124488,Visible,1020,656
163550141875,Visible,897,676
163550159044,Visible,897,676
163550176566,Visible,777,687
163550193794,Visible,777,687
163550211295,Visible,665,703
163550228534,Visible,614,707
163550245668,Visible,614,707
163550262554,Visible,578,717
163550279618,Visible,578,717
163550296632,Visible,518,726
163550313636,Visible,518,726
163550331119,Visible,497,732
163550348551,Visible,497,732
163550365928,Visible,490,733
163550383003,Visible,490,733
163550400263,Visible,490,733
163550417514,Visible,480,735
163550434337,Visible,480,736
163550451449,Visible,480,736
163550468398,Visible,461,736
163550485670,Visible,461,736
163550502815,Visible,449,739
163550519880,Visible,449,739
163550537146,Visible,443,742
163550554287,Visible,443,742
163550571424,Visible,434,746
163550588560,Visible,434,746
163550605588,Visible,435,750
163550622660,Visible,435,750
163550640065,Visible,443,750
163550657142,Visible,443,750
163550674495,Visible,452,747
163550691859,Visible,490,745
163550708872,Visible,490,745
163550726364,Visible,563,740
163550743593,Visible,563,740
163550760668,Visible,563,740
163550777944,Visible,665,736
163550795104,Visible,665,736
163550812316,Visible,706,732
163550829578,Visible,706,732
163550846635,Visible,787,730
163550863674,Visible,787,730
163550881148,Visible,850,727
163550898130,Visible,850,727
163550915502,Visible,926,723
163550932734,Visible,992,720
163550949919,Visible,992,720
163550967522,Visible,1068,712
163550984581,Visible,1068,712
163551001768,Visible,1125,701
163551018850,Visible,1125,701
163551035973,Visible,1127,691
163551053206,Visible,1127,691
163551070006,Visible,1090,691
163551087212,Visible,1090,691
163551104456,Visible,1090,691
163551121436,Visible,1057,686
163551138625,Visible,1057,686
163551155780,Visible,1047,686
163551172949,Visible,1022,684
163551190045,Visible,1022,684
163551207147,Visible,954,682
163551224222,Visible,954,682
163551241297,Visible,882,686
163551258533,Visible,882,686
163551275781,Visible,815,689
163551293226,Visible,815,689
163551310317,Visible,752,692
163551327650,Visible,752,692
163551344999,Visible,704,695
163551362380,Visible,667,697
163551379307,Visible,667,697
163551396592,Visible,640,700
163551414056,Visible,640,700
163551431501,Visible,609,703
163551448667,Visible,609,703
163551465552,Visible,609,703
163551482740,Visible,578,703
163551499857,Visible,578,703
163551516765,Visible,564,703
163551533705,Visible,564,703
163551551106,Visible,555,700
163551568281,Visible,555,700
163551585808,Visible,541,698
163551602947,Visible,534,694
163551619987,Visible,534,694
163551637094,Visible,512,696
163551654212,Visible,512,696
163551671697,Visible,511,694
163551689054,Visible,511,694
163551706215,Visible,506,693
163551723484,Visible,506,693
163551740615,Visible,508,693
163551757660,Visible,508,693
163551774764,Visible,506,691
163551792000,Visible,506,691
163551809130,Visible,506,691
163551826190,Visible,511,691
163551843221,Visible,512,691
163551860465,Visible,512,691
163551877945,Visible,515,692
163551894894,Visible,515,692
163551912140,Visible,514,691
163551929114,Visible,514,691
163551946273,Visible,513,691
163551963536,Visible,513,691
163551980841,Visible,514,692
163551998281,Visible,514,692
163552015387,Visible,514,691
163552032258,Visible,514,691
163552049497,Visible,514,691
163552066483,Visible,514,691
163552083336,Visible,513,691
163552100349,Visible,513,691
163552117545,Visible,513,691
163552134825,Visible,513,690
163552152092,Visible,513,690
163552169212,Visible,513,690
163552186346,Visible,512,690
163552203546,Visible,512,690
163552221026,Visible,531,706
163552238287,Visible,531,706
163552255445,Visible,542,717
163552272627,Visible,542,717
163552289537,Visible,553,732
163552306974,Visible,556,752
163552323944,Visible,556,752
163552340894,Visible,554,763
163552358351,Visible,554,763
163552375793,Visible,559,788
163552393044,Visible,559,788
163552410546,Visible,586,785
163552427759,Visible,586,785
163552445033,Visible,649,771
163552462097,Visible,649,771
163552479266,Visible,718,763
163552496463,Visible,718,763
163552513879,Visible,718,763
163552531165,Visible,833,756
163552548294,Visible,887,746
163552565431,Visible,887,746
163552582610,Visible,991,726
163552599831,Visible,991,726
163552616958,Visible,1054,710
163552634267,Visible,1054,710
163552651442,Visible,1095,678
163552668546,Visible,1095,678
163552685985,Visible,1121,674
163552703113,Visible,1121,674
163552720541,Visible,1141,668
163552737771,Visible,1147,662
163552754935,Visible,1147,662
163552772064,Visible,1141,657
163552788995,Visible,1141,657
163552806190,Visible,1139,656
163552823204,Visible,1139,656
163552840266,Visible,1133,655
163552857507,Visible,1133,655
163552874712,Visible,1133,655
163552891983,Visible,1132,661
163552908938,Visible,1132,661
163552926061,Visible,1128,663
163552943335,Visible,1128,663
163552960468,Visible,1122,665
163552977508,Visible,1090,671
163552994514,Visible,1090,671
163553011621,Visible,1028,684
163553028795,Visible,1028,684
163553045833,Visible,973,690
163553063289,Visible,973,690
163553080595,Visible,919,701
163553097828,Visible,919,701
163553115175,Visible,882,712
163553132187,Visible,882,712
163553149411,Visible,841,721
163553166775,Visible,841,721
163553184262,Visible,816,729
163553201696,Visible,816,729
163553219158,Visible,816,729
163553236075,Visible,768,754
163553253318,Visible,752,755
163553270274,Visible,752,755
163553287140,Visible,727,763
163553304253,Visible,727,763
163553321232,Visible,708,771
163553338387,Visible,708,771
163553355524,Visible,704,777
163553373092,Visible,704,777
163553390161,Visible,696,786
163553407544,Visible,696,786
163553424415,Visible,688,795
163553441624,Visible,674,803
163553458941,Visible,674,803
163553475969,Visible,659,820
163553493096,Visible,659,820
163553510334,Visible,642,831
163553527615,Visible,642,831
163553544668,Visible,636,842
163553562239,Visible,636,842
163553579553,Visible,636,842
163553596635,Visible,618,853
163553613995,Visible,618,853
163553631311,Visible,612,856
163553648513,Visible,612,856
163553665517,Visible,605,861
163553682813,Visible,600,866
163553699896,Visible,600,866
163553717068,Visible,589,873
163553734419,Visible,589,873
163553751424,Visible,592,890
163553768734,Visible,592,890
163553785926,Visible,595,902
163553803080,Visible,595,902
163553820100,Visible,594,905
163553837281,Visible,594,905
163553854846,Visible,593,912
163553872222,Visible,593,912
163553889321,Visible,590,907
163553906432,Visible,590,907
163553923455,Visible,590,907
163553940514,Visible,593,903
163553958080,Visible,594,901
163553975085,Visible,594,901
163553992303,Visible,597,899
163554009415,Visible,597,899
163554026482,Visible,605,897
163554043733,Visible,605,897
163554060966,Visible,629,893
163554078453,Visible,629,893
163554095509,Visible,662,889
163554112443,Visible,662,889
163554129423,Visible,709,875
163554146513,Visible,745,871
163554163519,Visible,745,871
163554180692,Visible,789,852
163554197556,Visible,789,852
163554214958,Visible,808,846
163554232272,Visible,808,846
163554249282,Visible,830,838
163554266453,Visible,830,838
163554283675,Visible,830,838
163554300892,Visible,873,831
163554317986,Visible,873,831
163554335114,Visible,873,831
163554352328,Visible,873,831
163554369561,Visible,872,831
163554387219,Visible,872,830
163554404197,Visible,872,830
163554421460,Visible,871,830
163554438652,Visible,871,830
163554455836,Visible,871,830
163554473032,Visible,871,830
163554490222,Visible,871,830
163554507255,Visible,871,830
163554524328,Visible,852,799
163554541932,Visible,852,799
163554559168,Visible,836,797
163554576232,Visible,836,797
163554593341,Visible,840,795
163554610317,Visible,840,795
163554627446,Visible,840,795
163554644568,Visible,842,790
163554661629,Visible,862,792
163554678870,Visible,862,792
163554695989,Visible,907,791
163554713263,Visible,907,791
163554730576,Visible,988,781
163554747888,Visible,988,781
163554765338,Visible,1018,768
163554782288,Visible,1018,768
163554799595,Visible,1022,767
163554816603,Visible,1022,767
163554833948,Visible,1042,761
163554851380,Visible,1074,755
163554868474,Visible,1074,755
163554885338,Visible,1100,754
163554902513,Visible,1100,754
163554919601,Visible,1135,752
163554936881,Visible,1135,752
163554954090,Visible,1159,748
163554971237,Visible,1159,748
163554988358,Visible,1159,748
163555005367,Visible,1153,729
163555022391,Visible,1153,729
163555039632,Visible,1160,704
163555056642,Visible,1168,667
163555073864,Visible,1168,667
163555090817,Visible,1204,644
163555108042,Visible,1204,644
163555125295,Visible,1219,606
163555142632,Visible,1219,606
163555159879,Visible,1221,596
163555177206,Visible,1221,596
163555194312,Visible,1214,586
163555211683,Visible,1214,586
163555228787,Visible,1209,595
163555245934,Visible,1209,595
163555263296,Visible,1202,601
163555280511,Visible,1202,601
163555297509,Visible,1206,604
163555314595,Visible,1206,604
163555331776,Visible,1206,604
163555349006,Visible,1200,612
163555366466,Visible,1199,609
163555383834,Visible,1199,609
163555401361,Visible,1199,601
163555418472,Visible,1199,601
163555435589,Visible,1201,587
163555452803,Visible,1201,587
163555469929,Visible,1201,579
163555486880,Visible,1201,579
163555504097,Visible,1204,578
163555521296,Visible,1204,578
163555538444,Visible,1206,571
163555555510,Visible,1207,568
163555572488,Visible,1207,568
163555589599,Visible,1207,568
163555606872,Visible,1207,568
163555623955,Visible,1208,572
163555641009,Visible,1208,572
163555658067,Visible,1214,574
163555675374,Visible,1214,574
163555692387,Visible,1214,574
163555709745,Visible,1229,577
163555727076,Visible,1229,577
163555744314,Visible,1237,582
163555761178,Visible,1257,589
163555778205,Visible,1257,589
163555795308,Visible,1284,602
163555812758,Visible,1284,602
163555829843,Visible,1306,614
163555847048,Visible,1306,614
163555864344,Visible,1309,627
163555881582,Visible,1309,627
163555898932,Visible,684,644
163555916054,Visible,684,644
163555933464,Visible,661,648
163555950307,Visible,661,648
163555967515,Visible,642,647
163555984480,Visible,642,647
163556001615,Visible,622,644
163556018743,Visible,622,644
163556036044,Visible,622,644
163556053216,Visible,553,644
163556070283,Visible,540,639
163556087542,Visible,540,639
163556104803,Visible,518,640
163556121917,Visible,518,640
163556138896,Visible,485,632
163556156146,Visible,485,632
163556173349,Visible,405,610
163556190494,Visible,405,610
163556207543,Visible,351,612
163556224736,Visible,351,612
163556241709,Visible,283,613
163556259038,Visible,258,606
163556276035,Visible,258,606
163556293163,Visible,258,606
163556310541,Visible,275,594
163556327785,Visible,290,588
163556344904,Visible,290,588
163556362136,Visible,291,590
163556379338,Visible,291,590
163556396561,Visible,291,590
163556413619,Visible,294,595
163556430854,Visible,294,595
163556448051,Visible,295,597
163556465339,Visible,282,617
163556482483,Visible,282,617
163556499648,Visible,286,668
163556516746,Visible,286,668
163556533849,Visible,290,688
163556551216,Visible,290,688
163556568602,Visible,296,732
163556585728,Visible,296,732
163556602898,Visible,297,732
163556619929,Visible,297,732
163556636989,Visible,298,731
163556654178,Visible,298,731
163556671273,Visible,298,729
163556688281,Visible,298,729
163556705568,Visible,298,729
163556722697,Visible,298,729
163556739812,Visible,298,729
163556757048,Visible,298,728
163556774045,Visible,297,728
163556791475,Visible,297,728
163556808553,Visible,357,743
163556826003,Visible,357,743
163556843060,Visible,402,770
163556860354,Visible,402,770
163556877363,Visible,445,800
163556894521,Visible,445,800
163556912031,Visible,474,842
163556929158,Visible,506,848
163556946373,Visible,506,848
163556963215,Visible,499,853
163556980332,Visible,499,853
163556997495,Visible,482,854
163557014939,Visible,482,854
163557032374,Visible,472,851
163557049554,Visible,472,851
163557066611,Visible,465,846
163557083884,Visible,465,846
163557101051,Visible,465,846
163557118317,Visible,441,839
163557135328,Visible,441,839
163557152511,Visible,429,831
163557169561,Visible,371,810
163557186482,Visible,371,810
163557203495,Visible,344,786
163557220867,Visible,344,786
163557238017,Visible,343,741
163557255034,Visible,343,741
163557272373,Visible,353,719
163557289440,Visible,353,719
163557306302,Visible,341,739
163557323296,Visible,341,739
163557340805,Visible,340,749
163557358016,Visible,340,749
163557375368,Visible,353,759
163557392498,Visible,353,759
163557409781,Visible,358,775
163557427511,Visible,358,775
163557444637,Visible,368,787
163557461699,Visible,368,787
163557478795,Visible,376,800
163557496140,Visible,376,800
163557513487,Visible,386,827
163557530560,Visible,386,827
163557547505,Visible,390,834
163557564528,Visible,390,834
163557581718,Visible,403,822
163557598769,Visible,403,822
163557615701,Visible,405,816
163557632859,Visible,405,816
163557649949,Visible,409,786
163557666885,Visible,413,757
163557684057,Visible,413,757
163557701118,Visible,416,714
163557718245,Visible,416,714
163557735481,Visible,419,662
163557752517,Visible,419,662
163557769771,Visible,427,588
163557787136,Visible,427,588
163557804501,Visible,427,588
163557821542,Visible,441,495
163557838537,Visible,441,495
163557855723,Visible,449,437
163557872800,Visible,452,421
163557890065,Visible,452,421
163557907333,Visible,448,407
163557924309,Visible,448,407
163557941380,Visible,443,380
163557958468,Visible,443,380
163557975436,Visible,436,334
163557992942,Visible,436,334
163558009878,Visible,419,307
163558026930,Visible,419,307
163558044186,Visible,412,290
163558061557,Visible,412,290
163558078970,Visible,392,288
163558096253,Visible,392,288
163558113534,Visible,376,282
163558130600,Visible,376,282
163558148137,Visible,355,278
163558165275,Visible,355,278
163558182104,Visible,345,283
163558199261,Visible,345,283
163558216352,Visible,340,288
163558233513,Visible,340,288
163558250716,Visible,338,260
163558268176,Visible,338,260
163558285470,Visible,345,194
163558302545,Visible,345,194
163558319535,Visible,363,166
163558336628,Visible,363,166
163558354087,Visible,395,152
163558371310,Visible,431,175
163558388580,Visible,431,175
163558405765,Visible,440,180
163558422970,Visible,440,180
163558440456,Visible,434,185
163558457755,Visible,434,185
163558475027,Visible,426,189
163558492153,Visible,426,189
163558509431,Visible,426,189
163558526609,Visible,402,262
163558543748,Visible,402,262
163558560670,Visible,370,318
163558577802,Visible,337,374
163558594921,Visible,337,374
163558612031,Visible,304,415
163558628894,Visible,304,415
163558646028,Visible,287,432
163558663041,Visible,287,432
163558680340,Visible,259,442
163558697532,Visible,259,442
163558714978,Visible,264,444
163558732038,Visible,264,444
163558749124,Visible,264,450
163558766201,Visible,264,450
163558783598,Visible,265,454
163558800730,Visible,265,454
163558817804,Visible,272,456
163558834702,Visible,272,456
163558852068,Visible,272,456
163558869179,Visible,276,454
163558886342,Visible,280,457
163558903568,Visible,280,457
163558920624,Visible,279,456
163558937888,Visible,279,456
163558954811,Visible,278,452
163558972027,Visible,278,452
163558989215,Visible,286,448
163559006470,Visible,286,448
163559023564,Visible,298,428
163559040707,Visible,298,428
163559057843,Visible,303,422
163559075451,Visible,304,413
163559092742,Visible,304,413
163559109934,Visible,313,406
163559127057,Visible,313,406
163559144138,Visible,317,406
163559161144,Visible,317,406
163559178314,Visible,334,409
163559195432,Visible,334,409
163559212397,Visible,334,409
163559229741,Visible,369,410
163559246872,Visible,369,410
163559264128,Visible,383,407
163559281383,Visible,383,407
163559298580,Visible,398,405
163559315670,Visible,398,402
163559332718,Visible,398,402
163559349872,Visible,399,395
163559366902,Visible,399,395
163559383929,Visible,466,383
163559401181,Visible,466,383
163559418376,Visible,533,374
163559435201,Visible,533,374
163559452515,Visible,615,378
163559469761,Visible,615,378
163559486688,Visible,653,378
163559503916,Visible,653,378
163559520930,Visible,701,376
163559537952,Visible,701,376
163559554974,Visible,743,378
163559571998,Visible,743,378
163559589007,Visible,762,385
163559606025,Visible,762,385
163559623034,Visible,791,380
163559640058,Visible,791,380
163559657077,Visible,813,379
163559674110,Visible,813,379
163559691242,Visible,828,378
163559708365,Visible,828,378
163559725777,Visible,834,378
163559742828,Visible,834,378
163559759995,Visible,836,388
163559777326,Visible,826,403
163559794186,Visible,826,403
163559811704,Visible,824,406
163559829089,Visible,824,406
163559846295,Visible,821,419
163559863528,Visible,821,419
163559880690,Visible,816,425
163559898138,Visible,816,425
163559915288,Visible,816,425
163559932405,Visible,812,423
163559949586,Visible,812,423
163559966759,Visible,808,422
163559983797,Visible,808,422
163600001275,Visible,804,422
163600018387,Visible,804,422
163600035436,Visible,802,419
163600052493,Visible,802,411
163600069774,Visible,802,411
163600086970,Visible,799,405
163600103947,Visible,799,405
163600121139,Visible,797,398
163600138472,Visible,797,398
163600155612,Visible,798,395
163600172586,Visible,798,395
163600189739,Visible,798,376
163600206681,Visible,798,376
163600223856,Visible,801,367
163600241052,Visible,801,367
163600258227,Visible,801,367
163600275228,Visible,803,327
163600292425,Visible,809,313
163600309588,Visible,809,313
163600326786,Visible,815,303
163600343992,Visible,815,303
163600361313,Visible,829,289
163600378593,Visible,829,289
163600395731,Visible,841,277
163600412721,Visible,841,277
163600429728,Visible,858,266
163600447261,Visible,858,266
163600464429,Visible,884,263
163600481894,Visible,913,270
163600498778,Visible,913,270
163600516329,Visible,935,277
163600533392,Visible,935,277
163600550478,Visible,964,293
163600567444,Visible,964,293
163600584553,Visible,964,293
163600601648,Visible,1005,316
163600618530,Visible,1005,316
163600635653,Visible,1029,318
163600652897,Visible,1029,318
163600670098,Visible,1005,328
163600687385,Visible,1005,328
163600704685,Visible,959,342
163600721962,Visible,892,342
163600739191,Visible,892,342
163600756282,Visible,802,343
163600773539,Visible,802,343
163600790558,Visible,730,358
163600807824,Visible,730,358
163600825198,Visible,656,378
163600842522,Visible,656,378
163600859958,Visible,598,387
163600876874,Visible,598,387
163600893943,Visible,521,400
163600911172,Visible,521,400
163600928460,Visible,483,413
163600945579,Visible,483,413
163600962591,Visible,426,461
163600979589,Visible,426,461
163600996977,Visible,408,479
163601014326,Visible,408,479
163601031410,Visible,396,487
163601048896,Visible,396,487
163601066269,Visible,388,493
163601083484,Visible,388,493
163601100520,Visible,380,494
163601117443,Visible,380,494
163601134659,Visible,390,490
163601151901,Visible,390,490
163601168924,Visible,387,490
163601186132,Visible,392,478
163601202995,Visible,392,478
163601220128,Visible,395,429
163601237421,Visible,395,429
163601254517,Visible,403,385
163601271873,Visible,403,385
163601289053,Visible,403,385
163601306408,Visible,404,321
163601323433,Visible,404,321
163601340697,Visible,418,316
163601357857,Visible,418,316
163601375080,Visible,423,319
163601392264,Visible,423,319
163601409400,Visible,423,329
163601426516,Visible,423,329
163601443776,Visible,429,337
163601461254,Visible,429,336
163601478519,Visible,429,336
163601496030,Visible,428,336
163601513086,Visible,428,336
163601530457,Visible,428,335
163601547664,Visible,428,335
163601565042,Visible,428,335
163601582176,Visible,428,335
163601599338,Visible,428,335
163601616266,Visible,428,335
163601633457,Visible,780,371
163601650704,Visible,780,371
163601668108,Visible,780,371
163601685066,Visible,862,429
163601702038,Visible,882,451
163601718952,Visible,882,451
163601736219,Visible,894,488
163601753108,Visible,894,488
163601770308,Visible,914,540
163601787585,Visible,914,540
163601804586,Visible,940,574
163601821545,Visible,940,574
163601838577,Visible,970,595
163601855775,Visible,970,595
163601873101,Visible,1002,618
163601890235,Visible,1032,632
163601907132,Visible,1032,632
163601924348,Visible,1053,656
163601941544,Visible,1053,656
163601958800,Visible,1074,680
163601976241,Visible,1074,680
163601993556,Visible,1074,680
163602010643,Visible,1092,715
163602028195,Visible,1092,715
163602045346,Visible,1107,719
163602062381,Visible,1107,719
163602079421,Visible,1129,713
163602096675,Visible,1151,720
163602113967,Visible,1151,720
163602131155,Visible,1163,720
163602148672,Visible,1163,720
163602165695,Visible,1177,721
163602183083,Visible,1177,721
163602200311,Visible,1189,722
163602217268,Visible,1189,722
163602234421,Visible,1195,719
163602251595,Visible,1195,719
163602268708,Visible,1195,715
163602285675,Visible,1195,715
163602302853,Visible,1195,709
163602320161,Visible,1195,709
163602337104,Visible,1195,702
163602354220,Visible,1195,702
163602371322,Visible,1195,702
163602388550,Visible,1195,693
163602405737,Visible,1196,693
163602423069,Visible,1196,693
163602440590,Visible,1197,689
163602457663,Visible,1197,689
163602474772,Visible,1195,672
163602491998,Visible,1195,672
163602509149,Visible,1194,662
163602526335,Visible,1194,662
163602543495,Visible,1190,661
163602560612,Visible,1190,661
163602577704,Visible,1187,650
163602594748,Visible,1176,641
163602612150,Visible,1176,641
163602629447,Visible,1159,633
163602646659,Visible,1159,633
163602664203,Visible,1145,618
163602681271,Visible,1145,618
163602698569,Visible,1145,618
163602715948,Visible,1125,611
163602733178,Visible,1125,611
163602750533,Visible,1115,611
163602767776,Visible,1115,611
163602785202,Visible,1109,610
163602802395,Visible,1104,610
163602819336,Visible,1104,610
163602836369,Visible,1097,611
163602853664,Visible,1097,611
163602870841,Visible,1077,614
163602888126,Visible,1077,614
163602905419,Visible,1023,618
163602922622,Visible,1023,618
163602939565,Visible,963,624
163602956949,Visible,963,624
163602973926,Visible,909,628
163602991050,Visible,909,628
163603008162,Visible,863,646
163603025294,Visible,797,665
163603042656,Visible,797,665
163603059836,Visible,797,665
163603077379,Visible,735,691
163603094584,Visible,735,691
163603111598,Visible,692,718
163603128577,Visible,692,718
163603145428,Visible,645,746
163603162471,Visible,645,746
163603179505,Visible,604,768
163603196646,Visible,604,768
163603213842,Visible,555,796
163603231028,Visible,555,796
163603248463,Visible,532,799
163603265743,Visible,532,799
163603283288,Visible,513,786
163603300640,Visible,489,779
163603317954,Visible,489,779
163603334920,Visible,475,771
163603351909,Visible,475,771
163603369177,Visible,436,759
163603386460,Visible,436,759
163603403642,Visible,436,759
163603420765,Visible,432,736
163603437991,Visible,432,736
163603455125,Visible,422,725
163603472321,Visible,411,713
163603489658,Visible,411,713
163603507189,Visible,415,706
163603524290,Visible,415,706
163603541471,Visible,411,701
163603558670,Visible,411,701
163603575517,Visible,409,686
163603592517,Visible,409,686
163603609698,Visible,411,683
163603626918,Visible,411,683
163603644557,Visible,413,671
163603661645,Visible,413,671
163603678747,Visible,417,668
163603696107,Visible,417,668
163603713320,Visible,417,664
163603730492,Visible,420,661
163603747484,Visible,420,661
163603764556,Visible,420,661
163603781889,Visible,422,654
163603798948,Visible,422,654
163603816125,Visible,426,653
163603833277,Visible,426,653
163603850575,Visible,431,648
163603867498,Visible,431,648
163603884484,Visible,431,645
163603901676,Visible,431,645
163603918845,Visible,435,641
163603936308,Visible,435,641
163603953560,Visible,442,633
163603970923,Visible,450,628
163603987859,Visible,450,628
163604005096,Visible,455,623
163604022378,Visible,455,623
163604039672,Visible,461,613
163604056980,Visible,461,613
163604074158,Visible,469,603
163604091455,Visible,469,603
163604108740,Visible,469,603
163604125872,Visible,472,603
163604142987,Visible,472,603
163604160085,Visible,473,597
163604177223,Visible,473,597
163604194537,Visible,475,585
163604211945,Visible,477,576
163604229279,Visible,477,576
163604246409,Visible,476,567
163604263742,Visible,476,567
163604280905,Visible,493,564
163604298053,Visible,493,564
163604315405,Visible,514,562
163604332627,Visible,514,562
163604349706,Visible,541,563
163604366668,Visible,541,563
163604383841,Visible,541,564
163604400794,Visible,541,564
163604417936,Visible,541,564
163604434982,Visible,540,563
163604452050,Visible,540,563
163604469061,Visible,540,563
163604486100,Visible,540,563
163604503093,Visible,540,563
163604520399,Visible,540,563
163604537427,Visible,540,563
163604554851,Visible,540,563
163604572157,Visible,540,563
163604589277,Visible,590,564
163604606363,Visible,590,564
163604623302,Visible,679,563
163604640581,Visible,679,563
163604657612,Visible,736,565
163604675189,Visible,736,565
163604692250,Visible,788,570
163604709695,Visible,816,578
163604726593,Visible,816,578
163604743861,Visible,861,598
163604761090,Visible,861,598
163604778667,Visible,875,606
163604796086,Visible,875,606
163604813225,Visible,875,606
163604830344,Visible,902,603
163604847750,Visible,902,603
163604864733,Visible,904,607
163604881857,Visible,916,610
163604898844,Visible,916,610
163604916304,Visible,921,614
163604933246,Visible,921,614
163604950431,Visible,929,617
163604967621,Visible,929,617
163604985037,Visible,939,620
163605002040,Visible,939,620
163605019216,Visible,954,626
163605036170,Visible,954,626
163605053198,Visible,1003,625
163605070271,Visible,1003,625
163605087391,Visible,1078,624
163605104721,Visible,1078,624
163605122307,Visible,1116,622
163605139646,Visible,1147,621
163605156809,Visible,1147,621
163605174073,Visible,1147,621
163605191192,Visible,1199,619
163605208585,Visible,1199,619
163605225887,Visible,1223,618
163605243123,Visible,1223,618
163605260255,Visible,1253,617
163605277444,Visible,1253,617
163605294627,Visible,1278,616
163605312232,Visible,1278,616
163605329417,Visible,1321,616
163605346603,Visible,1366,616
163605363736,Visible,1366,616
163605381003,Visible,1411,617
163605398069,Visible,1411,617
163605415472,Visible,1453,618
163605432665,Visible,1453,618
163605449620,Visible,1479,618
163605466491,Visible,1479,618
163605483673,Visible,1510,616
163605500771,Visible,1510,616
163605518030,Visible,1510,616
163605535307,Visible,1538,605
163605552545,Visible,1538,605
163605569693,Visible,1541,599
163605586708,Visible,1547,582
163605604044,Visible,1547,582
163605621378,Visible,1556,562
163605638581,Visible,1556,562
163605655762,Visible,1560,542
163605673039,Visible,1560,542
163605690276,Visible,1558,523
163605707665,Visible,1558,523
163605725007,Visible,1552,510
163605742249,Visible,1552,510
163605759299,Visible,1546,489
163605776452,Visible,1546,489
163605793427,Visible,1543,468
163605810775,Visible,1543,468
163605827743,Visible,1539,458
163605845117,Visible,1530,457
163605862096,Visible,1530,457
163605879602,Visible,1530,457
163605896701,Visible,1511,462
163605914092,Visible,1511,462
163605931227,Visible,1499,463
163605948680,Visible,1499,463
163605965904,Visible,1485,468
163605983027,Visible,1485,468
163606000096,Visible,1470,470
163606017011,Visible,1470,470
163606034069,Visible,1461,472
163606051340,Visible,1462,477
163606068509,Visible,1462,477
163606085723,Visible,1464,478
163606103081,Visible,1464,478
163606120268,Visible,1461,485
163606137513,Visible,1461,485
163606154599,Visible,1460,490
163606171652,Visible,1460,490
163606188662,Visible,1461,494
163606205984,Visible,1461,494
163606223147,Visible,1461,494
163606240175,Visible,1464,492
163606257270,Visible,1464,492
163606274335,Visible,1464,495
163606291357,Visible,1459,501
163606308391,Visible,1459,501
163606325564,Visible,1458,515
163606342588,Visible,1458,515
163606359760,Visible,1454,541
163606376684,Visible,1454,541
163606394303,Visible,1453,540
163606411588,Visible,1453,540
163606428777,Visible,1453,539
163606446220,Visible,1453,539
163606463413,Visible,1452,538
163606480670,Visible,1452,538
163606497868,Visible,1452,538
163606514862,Visible,1451,538
163606532046,Visible,1451,538
163606549776,Visible,1429,546
163606566910,Visible,1429,546
163606584143,Visible,1429,546
163606601171,Visible,1371,582
163606618199,Visible,1371,582
163606635235,Visible,1332,597
163606652255,Visible,1332,597
163606669294,Visible,1285,600
163606686313,Visible,1285,600
163606703352,Visible,1212,604
163606720371,Visible,1212,604
163606737484,Visible,1120,603
163606754828,Visible,1120,603
163606772072,Visible,1045,602
163606789053,Visible,965,604
163606806279,Visible,965,604
163606823479,Visible,862,605
163606840573,Visible,862,605
163606857780,Visible,808,607
163606874767,Visible,808,607
163606891854,Visible,744,609
163606909202,Visible,744,609
163606926633,Visible,744,609
163606943883,Visible,692,609
163606961269,Visible,692,609
163606978429,Visible,675,610
163606995721,Visible,650,611
163607012836,Visible,650,611
163607030206,Visible,622,612
163607047587,Visible,622,612
163607065143,Visible,606,612
163607082448,Visible,606,612
163607099537,Visible,574,614
163607116799,Visible,574,614
163607133964,Visible,548,613
163607151232,Visible,548,613
163607168323,Visible,521,614
163607185693,Visible,507,614
163607203050,Visible,507,614
163607220326,Visible,491,617
163607237476,Visible,491,617
163607254678,Visible,488,617
163607271813,Visible,488,617
163607289027,Visible,488,617
163607306257,Visible,485,661
163607323361,Visible,485,661
163607340362,Visible,485,661
163607357580,Visible,485,661
163607374934,Visible,485,660
163607392242,Visible,485,660
163607409439,Visible,485,660
163607426689,Visible,486,660
163607443746,Visible,486,660
163607460826,Visible,486,659
163607478140,Visible,486,659
163607495159,Visible,487,659
163607512082,Visible,487,659
163607529162,Visible,518,678
163607546280,Visible,518,678
163607563409,Visible,577,697
163607580583,Visible,577,697
163607598009,Visible,608,700
163607614998,Visible,608,700
163607632211,Visible,608,700
163607649337,Visible,627,698
163607666592,Visible,638,696
163607683478,Visible,638,696
163607700698,Visible,654,698
163607717914,Visible,654,698
163607734998,Visible,669,700
163607752020,Visible,669,700
163607769200,Visible,681,699
163607786143,Visible,681,699
163607803369,Visible,685,697
163607820217,Visible,685,697
163607837343,Visible,691,695
163607854451,Visible,691,695
163607871417,Visible,704,695
163607888786,Visible,704,695
163607905859,Visible,717,693
163607923515,Visible,730,689
163607940843,Visible,730,689
163607958019,Visible,742,687
163607975093,Visible,742,687
163607992086,Visible,742,687
163608009461,Visible,767,687
163608026591,Visible,767,687
163608044038,Visible,804,685
163608061260,Visible,804,685
163608078441,Visible,836,683
163608095555,Visible,836,683
163608112756,Visible,885,681
163608130059,Visible,919,680
163608147258,Visible,919,680
163608164408,Visible,963,676
163608181637,Visible,963,676
163608198777,Visible,995,673
163608215914,Visible,995,673
163608232892,Visible,1021,671
163608250186,Visible,1021,671
163608267473,Visible,1039,672
163608284414,Visible,1039,672
163608301589,Visible,1066,672
163608318984,Visible,1066,672
163608336345,Visible,1066,672
163608353409,Visible,1080,666
163608370560,Visible,1072,666
163608387778,Visible,1072,666
163608404823,Visible,1057,667
163608421955,Visible,1057,667
163608439173,Visible,1039,668
163608456328,Visible,1039,668
163608473490,Visible,996,670
163608490401,Visible,996,670
163608507495,Visible,938,673
163608524782,Visible,938,673
163608541911,Visible,876,678
163608559106,Visible,876,678
163608576728,Visible,815,693
163608594043,Visible,752,705
163608610952,Visible,752,705
163608628271,Visible,674,722
163608645483,Visible,674,722
163608662564,Visible,648,735
163608679472,Visible,648,735
163608696560,Visible,648,735
163608713931,Visible,590,752
163608731107,Visible,590,752
163608748532,Visible,577,763
163608765667,Visible,577,763
163608782851,Visible,572,770
163608799668,Visible,572,770
163608817173,Visible,568,781
163608834300,Visible,557,793
163608851189,Visible,557,793
163608868143,Visible,556,798
163608885592,Visible,556,798
163608902793,Visible,560,804
163608919838,Visible,560,804
163608937094,Visible,554,806
163608954201,Visible,554,806
163608971406,Visible,557,811
163608988571,Visible,557,811
163609005583,Visible,557,809
163609022837,Visible,557,809
163609039966,Visible,557,809
163609057590,Visible,558,813
163609074572,Visible,558,813
163609091637,Visible,558,810
163609108897,Visible,556,808
163609126084,Visible,556,808
163609143350,Visible,556,808
163609160536,Visible,556,808
163609177784,Visible,555,804
163609195092,Visible,555,804
163609212283,Visible,555,801
163609229670,Visible,555,801
163609246809,Visible,553,797
163609264290,Visible,553,797
163609281736,Visible,550,797
163609299217,Visible,550,794
163609316239,Visible,550,794
163609333219,Visible,553,784
163609350145,Visible,553,784
163609367132,Visible,558,779
163609384439,Visible,558,779
163609401557,Visible,558,779
163609418799,Visible,583,771
163609435825,Visible,583,771
163609452985,Visible,599,766
163609470184,Visible,599,766
163609487320,Visible,625,754
163609504336,Visible,625,754
163609521333,Visible,644,743
163609538380,Visible,644,743
163609555315,Visible,668,740
163609572569,Visible,689,740
163609589983,Visible,689,740
163609607085,Visible,690,740
163609624075,Visible,690,740
163609641247,Visible,689,739
163609658538,Visible,689,739
163609675735,Visible,689,739
163609692640,Visible,689,739
163609709729,Visible,688,738
163609727173,Visible,688,738
163609744246,Visible,688,738
163609761549,Visible,688,738
163609778737,Visible,688,738
163609796152,Visible,688,738
163609813409,Visible,734,745
163609830590,Visible,734,745
163609848084,Visible,782,738
163609865323,Visible,782,738
163609882580,Visible,819,732
163609899564,Visible,819,732
163609916704,Visible,862,710
163609933898,Visible,862,710
163609951088,Visible,895,699
163609968282,Visible,895,699
163609985471,Visible,911,670
163610002379,Visible,911,670
163610019406,Visible,927,664
163610036572,Visible,942,653
163610053569,Visible,942,653
163610070801,Visible,956,646
163610087820,Visible,956,646
163610105055,Visible,956,646
163610122394,Visible,965,647
163610139617,Visible,965,647
163610157142,Visible,970,651
163610174234,Visible,970,651
163610191443,Visible,973,654
163610208656,Visible,973,654
163610226045,Visible,978,656
163610243217,Visible,989,654
163610260418,Visible,989,654
163610277778,Visible,1019,647
163610294823,Visible,1019,647
163610312115,Visible,1035,637
163610329069,Visible,1035,637
163610346087,Visible,1072,634
163610363552,Visible,1072,634
163610380838,Visible,1134,626
163610398224,Visible,1134,626
163610415638,Visible,1171,628
163610432908,Visible,1171,628
163610449987,Visible,1171,628
163610467090,Visible,1234,631
163610484538,Visible,1269,631
163610501742,Visible,1269,631
163610519160,Visible,1284,631
163610536552,Visible,1284,631
163610553566,Visible,1320,631
163610570792,Visible,1320,631
163610588066,Visible,1341,629
163610605594,Visible,1341,629
163610622615,Visible,1352,627
163610639638,Visible,1352,627
163610656658,Visible,1348,625
163610673753,Visible,1348,625
163610690920,Visible,1324,621
163610708189,Visible,1307,611
163610725279,Visible,1307,611
163610742481,Visible,1239,604
163610759785,Visible,1239,604
163610776985,Visible,1115,607
163610794021,Visible,1115,607
163610811049,Visible,1115,607
163610828317,Visible,928,592
163610845327,Visible,928,592
163610862619,Visible,826,578
163610879629,Visible,826,578
163610897193,Visible,752,568
163610914538,Visible,752,568
163610931731,Visible,653,542
163610949112,Visible,603,527
163610966253,Visible,603,527
163610983296,Visible,689,503
163611000556,Visible,689,503
163611017743,Visible,713,442
163611034788,Visible,713,442
163611051857,Visible,772,397
163611069078,Visible,772,397
163611086066,Visible,862,383
163611103340,Visible,862,383
163611120504,Visible,949,365
163611137987,Visible,949,365
163611155174,Visible,949,365
163611172087,Visible,1030,334
163611189270,Visible,1051,330
163611206260,Visible,1051,330
163611223891,Visible,1001,333
163611241072,Visible,1001,333
163611258214,Visible,977,332
163611275547,Visible,977,332
163611292692,Visible,651,345
163611309830,Visible,651,345
163611326987,Visible,619,348
163611344328,Visible,619,348
163611361526,Visible,580,354
163611378631,Visible,537,359
163611395804,Visible,537,359
163611412929,Visible,537,359
163611430098,Visible,502,371
163611447642,Visible,466,387
163611465071,Visible,466,387
163611482519,Visible,437,404
163611499610,Visible,437,404
163611516922,Visible,437,404
163611534418,Visible,392,452
163611551394,Visible,392,452
163611568558,Visible,383,464
163611585623,Visible,383,464
163611602577,Visible,363,482
163611620201,Visible,363,482
163611637085,Visible,345,496
163611654339,Visible,334,503
163611671332,Visible,334,503
163611688515,Visible,333,515
163611705533,Visible,333,515
163611722843,Visible,334,527
163611739981,Visible,334,527
163611756940,Visible,337,533
163611774378,Visible,337,533
163611791468,Visible,338,537
163611808798,Visible,338,537
163611826098,Visible,337,539
163611843115,Visible,337,539
163611860255,Visible,337,539
163611877603,Visible,338,536
163611894876,Visible,338,534
163611912063,Visible,338,534
163611929074,Visible,337,533
163611946385,Visible,337,533
163611963500,Visible,335,533
163611980938,Visible,335,533
163611998055,Visible,337,534
163612015236,Visible,337,534
163612032679,Visible,343,537
163612049759,Visible,346,544
163612067291,Visible,346,544
163612084458,Visible,348,564
163612101533,Visible,348,564
163612118683,Visible,355,575
163612135801,Visible,355,575
163612152902,Visible,357,575
163612169990,Visible,357,575
163612187147,Visible,359,583
163612204512,Visible,359,583
163612221563,Visible,359,583
163612239035,Visible,370,599
163612256265,Visible,370,599
163612273427,Visible,374,603
163612290613,Visible,376,610
163612307584,Visible,376,610
163612325031,Visible,375,628
163612342105,Visible,375,628
163612359207,Visible,376,646
163612376584,Visible,376,646
163612393875,Visible,375,653
163612411094,Visible,375,653
163612428220,Visible,376,658
163612445432,Visible,376,658
163612462623,Visible,376,674
163612479676,Visible,376,674
163612496735,Visible,377,681
163612514161,Visible,377,681
163612531157,Visible,383,702
163612548549,Visible,383,702
163612565700,Visible,390,723
163612582689,Visible,390,723
163612600100,Visible,396,729
163612617271,Visible,396,729
163612634574,Visible,399,736
163612651588,Visible,399,736
163612668673,Visible,402,746
163612685867,Visible,402,746
163612703028,Visible,404,752
163612720000,Visible,404,752
163612737148,Visible,407,759
163612754080,Visible,407,759
163612770988,Visible,409,773
163612788082,Visible,420,779
163612805353,Visible,420,779
163612822631,Visible,491,773
163612839543,Visible,491,773
163612856819,Visible,588,764
163612874144,Visible,588,764
163612891172,Visible,660,758
163612908131,Visible,660,758
163612925356,Visible,660,758
163612942545,Visible,778,751
163612960088,Visible,778,751
163612977373,Visible,814,748
163612994481,Visible,849,746
163613011923,Visible,849,746
163613029125,Visible,893,743
163613046402,Visible,893,743
163613063300,Visible,940,741
163613080353,Visible,940,741
163613097505,Visible,971,739
163613114881,Visible,971,739
163613132014,Visible,992,733
163613149487,Visible,992,733
163613166619,Visible,998,719
163613183800,Visible,998,719
163613201012,Visible,995,707
163613218294,Visible,1017,700
163613235351,Visible,1017,700
163613252545,Visible,1017,700
163613269713,Visible,1083,673
163613286624,Visible,1083,673
163613304000,Visible,1107,659
163613321018,Visible,1107,659
163613338035,Visible,1126,640
163613354965,Visible,1126,640
163613372189,Visible,1145,636
163613389059,Visible,1145,636
163613405967,Visible,1156,642
163613423117,Visible,1156,642
163613440286,Visible,1136,648
163613457494,Visible,1066,652
163613474385,Visible,1066,652
163613491793,Visible,954,662
163613509351,Visible,954,662
163613526736,Visible,834,679
163613543854,Visible,834,679
163613561400,Visible,733,689
163613578528,Visible,733,689
163613595605,Visible,668,701
163613612713,Visible,668,701
163613630028,Visible,668,701
163613647822,Visible,595,721
163613665177,Visible,578,735
163613682385,Visible,578,735
163613699752,Visible,564,758
163613716860,Visible,564,758
163613734062,Visible,535,772
163613751382,Visible,535,772
163613768541,Visible,515,804
163613785864,Visible,515,804
163613803213,Visible,515,820
163613820125,Visible,515,820
163613837178,Visible,518,845
163613854228,Visible,518,845
163613871573,Visible,515,848
163613888990,Visible,515,848
163613905957,Visible,518,853
163613923695,Visible,514,854
163613940878,Visible,514,854
163613957863,Visible,514,854
163613975011,Visible,515,858
163613992073,Visible,515,858
163614009252,Visible,512,868
163614026467,Visible,512,868
163614043910,Visible,509,884
163614061053,Visible,509,884
163614078385,Visible,498,897
163614095720,Visible,498,897
163614112893,Visible,487,909
163614130108,Visible,481,918
163614147227,Visible,481,918
163614164710,Visible,474,917
163614182078,Visible,474,917
163614199327,Visible,474,918
163614216533,Visible,474,918
163614233710,Visible,472,920
163614250923,Visible,472,920
163614268236,Visible,471,921
163614285419,Visible,471,921
163614302598,Visible,472,941
163614319692,Visible,472,941
163614336828,Visible,472,941
163614353831,Visible,472,941
163614371191,Visible,473,941
163614388181,Visible,473,941
163614405232,Visible,473,940
163614422577,Visible,473,940
163614439809,Visible,473,940
163614457086,Visible,473,940
163614474194,Visible,474,940
163614491385,Visible,474,940
163614508677,Visible,498,936
163614525935,Visible,498,936
163614543022,Visible,515,930
163614559952,Visible,515,930
163614577429,Visible,533,914
163614594404,Visible,538,899
163614611375,Visible,538,899
163614628566,Visible,524,843
163614645698,Visible,524,843
163614663180,Visible,524,843
163614680295,Visible,515,781
163614697557,Visible,515,781
163614714650,Visible,513,766
163614732091,Visible,513,766
163614749283,Visible,515,768
163614766759,Visible,515,768
163614783885,Visible,562,767
163614801167,Visible,562,767
163614818167,Visible,645,761
163614835285,Visible,746,762
163614852520,Visible,746,762
163614869472,Visible,826,758
163614886538,Visible,826,758
163614903538,Visible,924,743
163614920792,Visible,924,743
163614937925,Visible,1015,720
163614954761,Visible,1015,720
163614971757,Visible,1081,687
163614989092,Visible,1081,687
163615005976,Visible,1098,670
163615023155,Visible,1098,670
163615040388,Visible,1098,670
163615057650,Visible,1125,654
163615074667,Visible,1130,648
163615091574,Visible,1130,648
163615108481,Visible,1124,636
163615125647,Visible,1124,636
163615142698,Visible,1117,623
163615160092,Visible,1117,623
163615177300,Visible,1107,621
163615194623,Visible,1107,621
163615211736,Visible,1098,619
163615229098,Visible,1098,619
163615246205,Visible,1096,617
163615263242,Visible,1096,617
163615280281,Visible,1101,621
163615297686,Visible,1119,613
163615314938,Visible,1119,613
163615332060,Visible,1145,607
163615349304,Visible,1145,607
163615366547,Visible,1145,607
163615383691,Visible,1181,592
163615400471,Visible,1181,592
163615417721,Visible,1198,583
163615434964,Visible,1198,583
163615452061,Visible,1236,580
163615469388,Visible,1236,580
163615486521,Visible,1261,586
163615503753,Visible,1261,586
163615520960,Visible,1264,603
163615537956,Visible,1262,642
163615555067,Visible,1262,642
163615572444,Visible,1256,716
163615589578,Visible,1256,716
163615606587,Visible,1250,795
163615623748,Visible,1250,795
163615641212,Visible,1247,851
163615658350,Visible,1247,851
163615675573,Visible,1240,871
163615692708,Visible,1240,871
163615710044,Visible,1230,894
163615727140,Visible,1230,894
163615744251,Visible,1230,894
163615761272,Visible,1219,926
163615778473,Visible,1218,944
163615795362,Visible,1218,944
163615812433,Visible,1219,964
163615829402,Visible,1219,964
163615846338,Visible,1223,960
163615863541,Visible,1223,960
163615880604,Visible,1224,954
163615897998,Visible,1224,954
163615915212,Visible,1226,953
163615932342,Visible,1226,953
163615949848,Visible,1234,963
163615967172,Visible,1234,963
163615984508,Visible,1244,964
163616001795,Visible,1244,964
163616018922,Visible,1255,964
163616035993,Visible,1251,959
163616053372,Visible,1251,959
163616070532,Visible,1251,959
163616087722,Visible,1229,958
163616104588,Visible,1229,958
163616121993,Visible,1216,958
163616139057,Visible,1216,958
163616156179,Visible,1196,959
163616173168,Visible,1196,959
163616190480,Visible,1179,958
163616207644,Visible,1179,958
163616224951,Visible,1173,955
163616242019,Visible,1173,955
163616258996,Visible,1176,956
163616276286,Visible,1183,956
163616293560,Visible,1183,956
163616310775,Visible,1193,956
163616328009,Visible,1193,956
163616344920,Visible,1217,955
163616362043,Visible,1217,955
163616379150,Visible,1239,959
163616396323,Visible,1239,959
163616413596,Visible,1266,959
163616430624,Visible,1266,959
163616447652,Visible,1266,959
163616464842,Visible,1316,958
163616481964,Visible,1325,958
163616499068,Visible,1325,958
163616516327,Visible,1338,968
163616533626,Visible,1338,968
163616550654,Visible,1343,969
163616567752,Visible,1343,969
163616584823,Visible,1347,981
163616601772,Visible,1347,981
163616619022,Visible,1346,981
163616636044,Visible,1346,981
163616653526,Visible,1345,989
163616670603,Visible,1345,989
163616687951,Visible,1343,995
163616705104,Visible,1343,995
163616722067,Visible,1338,1006
163616739437,Visible,1324,1010
163616756485,Visible,1324,1010
163616773461,Visible,1324,1010
163616791069,Visible,1310,1006
163616808486,Visible,1310,1006
163616825651,Visible,1310,1007
163616842700,Visible,1310,1007
163616859965,Visible,1313,1007
163616877317,Visible,1313,1007
163616894385,Visible,1317,1007
163616911565,Visible,1317,1007
163616928886,Visible,1322,1008
163616945901,Visible,1335,1007
163616962874,Visible,1335,1007
163616980018,Visible,1359,1006
163616997363,Visible,1359,1006
163617014621,Visible,1377,1006
163617031543,Visible,1377,1006
163617048856,Visible,1391,1006
163617066114,Visible,1391,1006
163617083213,Visible,1406,1006
163617100325,Visible,1406,1006
163617117404,Visible,1402,1006
163617134683,Visible,1402,1006
163617151809,Visible,1402,1006
163617168849,Visible,1410,1010
163617185951,Visible,1411,1013
163617202979,Visible,1411,1013
163617220236,Visible,1417,1013
163617237327,Visible,1417,1013
163617254430,Visible,1418,1016
163617271685,Visible,1418,1016
163617289137,Visible,1414,1016
163617306474,Visible,1414,1016
163617323584,Visible,1413,1019
163617340740,Visible,1413,1019
163617358099,Visible,1414,1020
163617375322,Visible,1414,1020
163617392442,Visible,1413,1022
163617409544,Visible,1415,1029
163617426700,Visible,1415,1029
163617444091,Visible,1417,1034
163617461076,Visible,1417,1034
163617478373,Visible,1417,1034
163617495341,Visible,1425,1041
163617512364,Visible,1425,1041
163617529389,Visible,1427,1044
163617546400,Visible,1427,1044
163617563623,Visible,1432,1048
163617580834,Visible,1432,1048
163617597987,Visible,1440,1049
163617615009,Visible,1440,1049
163617632019,Visible,1452,1048
163617649037,Visible,1452,1048
163617666168,Visible,1468,1046
163617683223,Visible,1489,1034
163617700666,Visible,1489,1034
163617717734,Visible,1529,1026
163617734728,Visible,1529,1026
163617751943,Visible,1543,1008
163617768787,Visible,1543,1008
163617785882,Visible,1562,983
163617802796,Visible,1562,983
163617819695,Visible,1595,959
163617836719,Visible,1595,959
163617853667,Visible,1595,959
163617870687,Visible,1643,939
163617887872,Visible,1643,939
163617904941,Visible,1658,921
163617922049,Visible,1689,916
163617938943,Visible,1689,916
163617956246,Visible,1707,918
163617973467,Visible,1707,918
163617990770,Visible,1711,918
163618008286,Visible,1711,918
163618025465,Visible,1715,912
163618042795,Visible,1715,912
163618060033,Visible,1725,907
163618077246,Visible,1725,907
163618094454,Visible,1731,907
163618111874,Visible,1731,907
163618128933,Visible,1743,911
163618145982,Visible,1761,914
163618163219,Visible,1761,914
163618180099,Visible,1761,914
163618197705,Visible,1761,914
163618214542,Visible,1789,912
163618231984,Visible,1793,904
163618249077,Visible,1793,904
163618266382,Visible,1784,906
163618283425,Visible,1784,906
163618300534,Visible,1778,905
163618317616,Visible,1778,905
163618334946,Visible,1774,904
163618352351,Visible,1774,904
163618369579,Visible,1773,904
163618386813,Visible,1773,904
163618404079,Visible,1776,905
163618421286,Visible,1779,905
163618438193,Visible,1779,905
163618455386,Visible,1780,903
163618472707,Visible,1780,903
163618490148,Visible,1780,904
163618507241,Visible,1780,904
163618524395,Visible,1778,907
163618541562,Visible,1778,907
163618558707,Visible,1778,907
163618575543,Visible,1776,910
163618592679,Visible,1776,910
163618609794,Visible,1776,914
163618626886,Visible,1771,916
163618643858,Visible,1771,916
163618661358,Visible,1387,913
163618678537,Visible,1387,913
163618695726,Visible,736,833
163618713291,Visible,736,833
163618730625,Visible,670,723
163618747818,Visible,670,723
163618765055,Visible,599,633
163618782495,Visible,599,633
163618799498,Visible,583,562
163618816522,Visible,583,562
163618833662,Visible,570,521
163618851029,Visible,507,491
163618868245,Visible,507,491
163618885617,Visible,507,491
163618902918,Visible,477,454
163618919808,Visible,477,454
163618937128,Visible,443,447
163618954326,Visible,443,447
163618971792,Visible,422,429
163618988938,Visible,422,429
163619005910,Visible,433,418
163619023147,Visible,433,418
163619040441,Visible,428,391
163619057491,Visible,428,391
163619074816,Visible,426,376
163619092209,Visible,409,380
163619109228,Visible,409,380
163619126254,Visible,402,372
163619143455,Visible,402,372
163619160892,Visible,400,359
163619177907,Visible,400,359
163619195438,Visible,384,319
163619212499,Visible,384,319
163619229567,Visible,367,312
163619246942,Visible,367,312
163619263960,Visible,367,312
163619281154,Visible,341,311
163619298379,Visible,341,311
163619315613,Visible,335,298
163619332901,Visible,330,293
163619349876,Visible,330,293
163619367176,Visible,329,295
163619384264,Visible,329,295
163619401302,Visible,330,299
163619418646,Visible,330,299
163619435752,Visible,333,311
163619452812,Visible,333,311
163619469965,Visible,334,310
163619487259,Visible,334,310
163619504234,Visible,334,310
163619521231,Visible,334,310
163619538286,Visible,334,310
163619555343,Visible,334,310
163619572776,Visible,334,310
163619589722,Visible,334,310
163619606824,Visible,340,311
163619623996,Visible,340,311
163619640930,Visible,341,312
163619658211,Visible,341,312
163619675309,Visible,344,306
163619692465,Visible,344,306
163619709562,Visible,344,298
163619727252,Visible,344,298
163619744405,Visible,359,274
163619761578,Visible,359,274
163619778566,Visible,387,263
163619795817,Visible,401,260
163619813161,Visible,401,260
163619830316,Visible,414,230
163619847589,Visible,414,230
163619864890,Visible,424,218
163619882060,Visible,424,218
163619899489,Visible,415,214
163619916794,Visible,415,214
163619933843,Visible,421,204
163619950766,Visible,421,204
163619968212,Visible,421,204
163619985757,Visible,426,175
163620002590,Visible,431,168
163620019923,Visible,431,168
163620037134,Visible,439,141
163620054363,Visible,439,141
163620071546,Visible,457,118
163620088530,Visible,457,118
163620105668,Visible,460,131
163620122981,Visible,460,131
163620140093,Visible,473,126
163620157041,Visible,473,126
163620174526,Visible,509,106
163620191765,Visible,509,106
163620208947,Visible,536,102
163620226052,Visible,536,102
163620242983,Visible,570,104
163620260187,Visible,570,104
163620277468,Visible,590,103
163620294539,Visible,590,103
163620311609,Visible,608,104
163620328527,Visible,608,104
163620345621,Visible,663,103
163620362738,Visible,663,103
163620379892,Visible,738,103
163620397274,Visible,738,103
163620414700,Visible,810,103
163620431933,Visible,810,103
163620448994,Visible,855,105
163620466096,Visible,881,106
163620483000,Visible,881,106
163620500505,Visible,922,107
163620517418,Visible,922,107
163620534592,Visible,944,113
163620551499,Visible,944,113
163620568670,Visible,953,114
163620585625,Visible,953,114
163620602944,Visible,971,111
163620620174,Visible,971,111
163620637440,Visible,989,109
163620654754,Visible,989,109
163620671968,Visible,989,109
163620689018,Visible,1018,103
163620706212,Visible,1029,102
163620723462,Visible,1029,102
163620741153,Visible,1046,102
163620758166,Visible,1046,102
163620775190,Visible,1063,101
163620792207,Visible,1063,101
163620809219,Visible,1076,102
163620826401,Visible,1076,102
163620843544,Visible,1070,117
163620860664,Visible,1070,117
163620877722,Visible,1046,141
163620894970,Visible,1046,141
163620911977,Visible,996,180
163620929130,Visible,935,210
163620946296,Visible,935,210
163620963161,Visible,864,237
163620980417,Visible,864,237
163620997483,Visible,864,237
163621014853,Visible,785,267
163621031934,Visible,785,267
163621049012,Visible,786,271
163621066191,Visible,786,271
163621083295,Visible,808,274
163621100529,Visible,808,274
163621117894,Visible,822,286
163621134859,Visible,822,286
163621151914,Visible,831,291
163621169261,Visible,831,291
163621186700,Visible,849,293
163621203943,Visible,867,295
163621221485,Visible,867,295
163621238550,Visible,898,293
163621256020,Visible,898,293
163621273137,Visible,920,291
163621290189,Visible,920,291
163621307822,Visible,931,293
163621324982,Visible,931,293
163621342015,Visible,954,294
163621359116,Visible,954,294
163621376336,Visible,954,294
163621393484,Visible,955,333
163621410887,Visible,961,357
163621428231,Visible,961,357
163621445685,Visible,959,374
163621462800,Visible,959,374
163621479855,Visible,961,394
163621497075,Visible,961,394
163621514207,Visible,960,425
163621531372,Visible,960,425
163621548485,Visible,960,442
163621565586,Visible,960,442
163621582622,Visible,965,464
163621599854,Visible,965,464
163621616995,Visible,975,490
163621634275,Visible,981,509
163621651687,Visible,981,509
163621668706,Visible,995,506
163621686203,Visible,995,506
163621703127,Visible,995,506
163621720227,Visible,1029,501
163621737453,Visible,1029,501
163621754954,Visible,1056,508
163621772164,Visible,1056,508
163621789394,Visible,1083,507
163621806601,Visible,1083,507
163621823640,Visible,1120,502
163621840801,Visible,1120,502
163621858234,Visible,1179,502
163621875349,Visible,1218,500
163621892246,Visible,1218,500
163621909508,Visible,1261,497
163621926779,Visible,1261,497
163621944172,Visible,1285,494
163621961198,Visible,1285,494
163621978394,Visible,1279,487
163621995861,Visible,1279,487
163622013260,Visible,1271,461
163622030122,Visible,1271,461
163622047125,Visible,1271,421
163622064479,Visible,1271,421
163622081601,Visible,1271,421
163622098860,Visible,1267,387
163622115939,Visible,1271,364
163622133030,Visible,1271,364
163622150182,Visible,1262,354
163622167424,Visible,1262,354
163622184479,Visible,1232,362
163622201585,Visible,1232,362
163622218851,Visible,1179,372
163622236182,Visible,1179,372
163622253542,Visible,1096,376
163622270823,Visible,1096,376
163622288011,Visible,1008,379
163622304988,Visible,927,383
163622322148,Visible,927,383
163622339407,Visible,862,385
163622356378,Visible,862,385
163622373459,Visible,814,388
163622390973,Visible,814,388
163622408342,Visible,814,388
163622425696,Visible,766,401
163622442856,Visible,766,401
163622460253,Visible,728,409
163622477686,Visible,728,409
163622495183,Visible,708,420
163622512409,Visible,708,420
163622529353,Visible,679,440
163622546399,Visible,646,467
163622563324,Visible,646,467
163622580418,Visible,638,491
163622597674,Visible,638,491
163622614960,Visible,626,520
163622632073,Visible,626,520
163622649517,Visible,615,558
163622666396,Visible,615,558
163622683652,Visible,599,573
163622700661,Visible,599,573
163622718075,Visible,592,592
163622735282,Visible,592,592
163622752575,Visible,579,614
163622770486,Visible,579,614
163622787725,Visible,575,619
163622804899,Visible,575,619
163622821934,Visible,566,622
163622838896,Visible,566,622
163622856164,Visible,563,627
163622873156,Visible,563,627
163622890367,Visible,561,635
163622907623,Visible,561,635
163622924717,Visible,559,637
163622941766,Visible,559,637
163622958817,Visible,558,654
163622975994,Visible,558,654
163622993512,Visible,555,680
163623010536,Visible,555,686
163623027710,Visible,555,686
163623044742,Visible,562,703
163623061973,Visible,562,703
163623079395,Visible,565,710
163623096649,Visible,565,710
163623113733,Visible,565,710
163623130590,Visible,565,729
163623147982,Visible,565,729
163623165132,Visible,567,737
163623182370,Visible,567,737
163623199339,Visible,568,754
163623216583,Visible,568,754
163623233926,Visible,567,783
163623250950,Visible,562,814
163623267985,Visible,562,814
163623285065,Visible,560,817
163623302140,Visible,560,817
163623319226,Visible,558,820
163623336458,Visible,558,820
163623353371,Visible,559,821
163623370519,Visible,559,821
163623387564,Visible,559,816
163623404838,Visible,559,816
163623422039,Visible,559,816
163623439120,Visible,559,816
163623456040,Visible,557,813
163623473607,Visible,557,813
163623490570,Visible,557,813
163623507587,Visible,556,809
163623524577,Visible,555,805
163623541874,Visible,555,805
163623558920,Visible,554,789
163623576260,Visible,554,789
163623593660,Visible,552,772
163623610614,Visible,552,772
163623627624,Visible,553,744
163623644631,Visible,553,744
163623661683,Visible,554,724
163623678807,Visible,554,724
163623696048,Visible,562,711
163623713173,Visible,576,692
163623730308,Visible,576,692
163623747641,Visible,589,672
163623765032,Visible,589,672
163623782633,Visible,601,656
163623800034,Visible,601,656
163623817306,Visible,601,656
163623834501,Visible,607,658
163623851690,Visible,607,658
163623868810,Visible,605,652
163623886047,Visible,605,652
163623903565,Visible,603,629
163623920686,Visible,603,629
163623937750,Visible,601,613
163623954775,Visible,598,602
163623971955,Visible,598,602
163623989345,Visible,597,587
163624006533,Visible,597,587
163624023693,Visible,595,575
163624040974,Visible,595,575
163624058089,Visible,593,546
163624075412,Visible,593,546
163624092739,Visible,590,529
163624109781,Visible,590,529
163624126948,Visible,590,518
163624144243,Visible,590,518
163624161148,Visible,590,513
163624178526,Visible,590,513
163624195839,Visible,590,513
163624213043,Visible,587,496
163624230085,Visible,586,502
163624247219,Visible,586,502
163624264360,Visible,579,508
163624281326,Visible,579,508
163624298678,Visible,576,511
163624315874,Visible,576,511
163624332939,Visible,568,519
163624350156,Visible,568,519
163624367449,Visible,561,532
163624384415,Visible,561,532
163624401572,Visible,556,546
163624418901,Visible,545,573
163624436294,Visible,545,573
163624453114,Visible,538,593
163624470473,Visible,538,593
163624487899,Visible,527,614
163624504875,Visible,527,614
163624521904,Visible,527,614
163624538945,Visible,514,630
163624555969,Visible,514,630
163624572950,Visible,510,633
163624589969,Visible,510,633
163624607004,Visible,512,644
163624624238,Visible,512,644
163624641246,Visible,512,650
163624658276,Visible,512,650
163624675313,Visible,513,671
163624692420,Visible,512,673
163624709653,Visible,512,673
163624726902,Visible,508,675
163624744064,Visible,508,675
163624761192,Visible,502,680
163624778313,Visible,502,680
163624795593,Visible,497,685
163624812611,Visible,497,685
163624829955,Visible,483,714
163624847095,Visible,483,714
163624864386,Visible,465,732
163624881369,Visible,465,732
163624898477,Visible,485,780
163624915859,Visible,485,780
163624933091,Visible,1173,782
163624950320,Visible,1173,782
163624967315,Visible,1189,823
163624984316,Visible,1189,823
163625001262,Visible,1195,852
163625018423,Visible,1195,852
163625035483,Visible,1208,881
163625052775,Visible,1208,881
163625069851,Visible,1221,902
163625087120,Visible,1221,902
163625104216,Visible,1232,925
163625121350,Visible,1256,945
163625138622,Visible,1256,945
163625155847,Visible,1273,949
163625173239,Visible,1273,949
163625190436,Visible,1291,962
163625207586,Visible,1291,962
163625224827,Visible,1291,962
163625242103,Visible,1329,968
163625259614,Visible,1329,968
163625276701,Visible,1352,971
163625293887,Visible,1352,971
163625311013,Visible,1362,970
163625328039,Visible,1362,970
163625345358,Visible,1372,971
163625362413,Visible,1368,972
163625379351,Visible,1368,972
163625396842,Visible,1364,970
163625413965,Visible,1364,970
163625431181,Visible,1358,968
163625448728,Visible,1358,968
163625466069,Visible,1355,966
163625483210,Visible,1355,966
163625500523,Visible,1353,965
163625517469,Visible,1353,965
163625534783,Visible,1351,959
163625551928,Visible,1351,959
163625568942,Visible,1348,957
163625586086,Visible,1348,957
163625603187,Visible,1341,950
163625620135,Visible,1341,950
163625637020,Visible,1337,944
163625654165,Visible,1337,944
163625671130,Visible,1337,932
163625688509,Visible,1337,932
163625705425,Visible,1334,919
163625722428,Visible,1334,919
163625739293,Visible,1324,912
163625756483,Visible,1324,912
163625773902,Visible,1289,905
163625791135,Visible,1289,905
163625808400,Visible,1226,901
163625825506,Visible,1132,898
163625842776,Visible,1132,898
163625860033,Visible,1038,896
163625876921,Visible,1038,896
163625894171,Visible,966,893
163625911214,Visible,966,893
163625928109,Visible,966,893
163625945139,Visible,870,890
163625962136,Visible,870,890
163625979299,Visible,824,897
163625996661,Visible,824,897
163626013888,Visible,778,900
163626031104,Visible,778,900
163626048108,Visible,715,905
163626065244,Visible,715,905
163626082204,Visible,644,911
163626099297,Visible,602,913
163626116488,Visible,602,913
163626133948,Visible,576,921
163626151309,Visible,576,921
163626168944,Visible,611,923
163626185837,Visible,611,923
163626202849,Visible,636,929
163626219926,Visible,636,929
163626236951,Visible,657,929
163626254210,Visible,657,929
163626271346,Visible,686,929
163626288243,Visible,686,929
163626305457,Visible,686,929
163626322498,Visible,756,924
163626339763,Visible,789,924
163626357052,Visible,789,924
163626374266,Visible,849,929
163626391543,Visible,849,929
163626408808,Visible,897,931
163626426183,Visible,897,931
163626443222,Visible,953,933
163626460576,Visible,953,933
163626477715,Visible,985,937
163626494676,Visible,985,937
163626511827,Visible,1006,939
163626528811,Visible,1006,939
163626546022,Visible,993,939
163626563043,Visible,975,940
163626580082,Visible,975,940
163626597347,Visible,969,941
163626614348,Visible,969,941
163626631591,Visible,969,941
163626648822,Visible,961,947
163626665775,Visible,961,947
163626683162,Visible,960,947
163626700384,Visible,960,947
163626717532,Visible,958,948
163626734559,Visible,958,948
163626751844,Visible,955,948
163626768909,Visible,953,949
163626785896,Visible,953,949
163626803022,Visible,950,949
163626820382,Visible,950,949
163626837713,Visible,947,948
163626854884,Visible,947,948
163626872099,Visible,941,948
163626888986,Visible,941,948
163626906249,Visible,938,948
163626923389,Visible,938,948
163626940360,Visible,935,947
163626957673,Visible,935,947
163626974666,Visible,932,944
163626991730,Visible,932,944
163627009165,Visible,932,944
163627026345,Visible,925,938
163627043543,Visible,924,934
163627060686,Visible,924,934
163627077833,Visible,927,930
163627095067,Visible,927,930
163627112301,Visible,932,927
163627129186,Visible,932,927
163627146432,Visible,946,915
163627163402,Visible,946,915
163627180371,Visible,979,912
163627197664,Visible,979,912
163627215085,Visible,1010,903
163627232200,Visible,1010,903
163627249508,Visible,1047,904
163627266519,Visible,1077,906
163627283484,Visible,1077,906
163627300607,Visible,1131,904
163627317744,Visible,1131,904
163627334712,Visible,1131,904
163627351861,Visible,1209,897
163627368977,Visible,1209,897
163627386178,Visible,1266,896
163627403273,Visible,1266,896
163627420372,Visible,1305,894
163627437567,Visible,1305,894
163627454546,Visible,1361,894
163627471592,Visible,1361,894
163627488698,Visible,1409,892
163627505801,Visible,1430,886
163627522869,Visible,1430,886
163627540015,Visible,1463,873
163627557292,Visible,1463,873
163627574408,Visible,1523,863
163627591419,Visible,1523,863
163627608440,Visible,1556,864
163627625550,Visible,1556,864
163627642701,Visible,1577,867
163627659808,Visible,1577,867
163627676838,Visible,1601,861
163627693847,Visible,1601,861
163627710863,Visible,1601,861
163627727872,Visible,1603,857
163627745114,Visible,1617,856
163627762213,Visible,1617,856
163627779451,Visible,1652,856
163627796553,Visible,1652,856
163627813694,Visible,1650,852
163627831231,Visible,1650,852
163627848372,Visible,1666,848
163627865354,Visible,1666,848
163627882400,Visible,1673,850
163627899707,Visible,1673,850
163627917055,Visible,1684,850
163627934268,Visible,1684,850
163627951671,Visible,1697,852
163627968899,Visible,1697,852
163627986139,Visible,1695,855
163628003128,Visible,1699,856
163628020584,Visible,1699,856
163628037522,Visible,1699,856
163628054810,Visible,1700,858
163628071962,Visible,1700,858
163628089209,Visible,1701,858
163628106371,Visible,1701,858
163628123685,Visible,1711,860
163628141027,Visible,1711,860
163628158113,Visible,1718,859
163628175241,Visible,1718,859
163628192293,Visible,1723,861
163628209602,Visible,1723,861
163628226877,Visible,1733,861
163628244239,Visible,1741,863
163628261284,Visible,1741,863
163628278378,Visible,1753,868
163628295688,Visible,1753,868
163628312883,Visible,1762,873
163628330019,Visible,1762,873
163628347024,Visible,1774,876
163628364034,Visible,1774,876
163628381296,Visible,1787,884
163628398624,Visible,1787,884
163628415975,Visible,1787,884
163628433047,Visible,1796,899
163628450086,Visible,1798,914
163628467432,Visible,1798,914
163628484589,Visible,1808,920
163628501563,Visible,1808,920
163628519010,Visible,1813,931
163628536178,Visible,1813,931
163628553357,Visible,1818,938
163628570706,Visible,1818,938
163628587669,Visible,1831,943
163628604824,Visible,1831,943
163628621874,Visible,1835,956
163628639160,Visible,1835,956
163628656589,Visible,1829,969
163628673542,Visible,1825,982
163628690607,Visible,1825,982
163628707962,Visible,1818,984
163628725167,Visible,1818,984
163628742498,Visible,1818,984
163628759369,Visible,1801,983
163628776576,Visible,1801,983
163628793611,Visible,1785,986
163628810575,Visible,1785,986
163628827490,Visible,1767,989
163628844712,Visible,1767,989
163628861848,Visible,1754,995
163628878873,Visible,1754,995
163628896147,Visible,1727,1005
163628913758,Visible,1711,1009
163628930959,Visible,1711,1009
163628947956,Visible,1700,1015
163628965336,Visible,1700,1015
163628982677,Visible,1672,1015
163629000086,Visible,1672,1015
163629017156,Visible,1667,1021
163629034243,Visible,1667,1021
163629051424,Visible,1656,1026
163629068360,Visible,1656,1026
163629085401,Visible,1649,1032
163629102396,Visible,1649,1032
163629119543,Visible,1649,1032
163629136691,Visible,1652,1039
163629154153,Visible,1656,1039
163629171235,Visible,1656,1039
163629188493,Visible,1659,1042
163629205766,Visible,1659,1042
163629222730,Visible,1659,1047
163629240026,Visible,1659,1047
163629256983,Visible,1660,1046
163629274053,Visible,1660,1046
163629291135,Visible,1661,1045
163629308413,Visible,1661,1045
163629325582,Visible,1661,1044
163629342736,Visible,1661,1044
163629360059,Visible,1663,1045
163629376979,Visible,1666,1045
163629394451,Visible,1666,1045
163629411476,Visible,1666,1045
163629428702,Visible,1671,1045
163629445884,Visible,1671,1045
163629462984,Visible,1684,1048
163629480038,Visible,1684,1048
163629497192,Visible,1693,1047
163629514538,Visible,1693,1047
163629531612,Visible,1706,1045
163629548614,Visible,1706,1045
163629566041,Visible,1723,1042
163629583274,Visible,1723,1042
163629600380,Visible,1734,1038
163629617565,Visible,1734,1038
163629634580,Visible,1734,1038
163629651851,Visible,1728,997
163629668800,Visible,1728,997
163629685890,Visible,1714,973
163629702900,Visible,1714,973
163629720521,Visible,1343,935
163629737586,Visible,1343,935
163629754530,Visible,1265,880
163629771782,Visible,1265,880
163629789026,Visible,1162,807
163629806112,Visible,1162,807
163629823267,Visible,1162,807
163629840151,Visible,467,415
163629857520,Visible,420,405
163629874576,Visible,420,405
163629891648,Visible,368,381
163629908955,Visible,368,381
163629926077,Visible,372,365
163629943128,Visible,372,365
163629960159,Visible,360,279
163629977407,Visible,360,279
163629994458,Visible,323,254
163630011624,Visible,323,254
163630028749,Visible,292,259
163630046102,Visible,292,259
163630063232,Visible,243,266
163630080479,Visible,243,266
163630097963,Visible,228,279
163630115283,Visible,217,282
163630132323,Visible,217,282
163630149575,Visible,217,282
163630166914,Visible,218,286
163630183852,Visible,218,286
163630200986,Visible,216,285
163630218006,Visible,216,285
163630235143,Visible,205,284
163630252534,Visible,205,284
163630269628,Visible,202,277
163630286673,Visible,202,277
163630303924,Visible,200,275
163630320994,Visible,200,275
163630338200,Visible,189,266
163630355477,Visible,187,251
163630372583,Visible,187,251
163630389864,Visible,188,238
163630407164,Visible,188,238
163630424350,Visible,192,229
163630441423,Visible,192,229
163630458681,Visible,201,215
163630475525,Visible,201,215
163630492686,Visible,230,218
163630510052,Visible,230,218
163630527484,Visible,230,218
163630544659,Visible,283,209
163630561782,Visible,310,207
163630579136,Visible,310,207
163630596258,Visible,318,210
163630613439,Visible,318,210
163630630491,Visible,401,202
163630647780,Visible,401,202
163630665034,Visible,462,195
163630682007,Visible,462,195
163630699136,Visible,500,185
163630716319,Visible,500,185
163630733530,Visible,521,185
163630750626,Visible,521,185
163630767651,Visible,534,179
163630784660,Visible,534,179
163630801809,Visible,533,164
163630818820,Visible,544,140
163630835904,Visible,544,140
163630852990,Visible,544,140
163630870342,Visible,571,118
163630887584,Visible,571,118
163630904930,Visible,592,120
163630921942,Visible,592,120
163630938960,Visible,628,117
163630955937,Visible,628,117
163630973001,Visible,633,119
163630989997,Visible,633,119
163631007149,Visible,631,120
163631024453,Visible,631,120
163631041668,Visible,630,121
163631058601,Visible,628,122
163631075896,Visible,628,122
163631093149,Visible,624,124
163631110422,Visible,624,124
163631127399,Visible,636,125
163631144494,Visible,636,125
163631161489,Visible,649,128
163631178478,Visible,649,128
163631195679,Visible,657,131
163631212757,Visible,657,131
163631229867,Visible,657,131
163631246909,Visible,661,138
163631263887,Visible,661,138
163631281345,Visible,673,143
163631298565,Visible,686,147
163631315597,Visible,686,147
163631332917,Visible,687,152
163631350228,Visible,687,152
163631367530,Visible,680,159
163631384448,Visible,680,159
163631401523,Visible,678,164
163631418503,Visible,678,164
163631435765,Visible,681,170
163631453154,Visible,681,170
163631470017,Visible,751,161
163631487133,Visible,751,161
163631504191,Visible,825,156
163631521210,Visible,881,152
163631538245,Visible,881,152
163631555277,Visible,881,152
163631572293,Visible,916,150
163631589328,Visible,916,150
163631606437,Visible,910,153
163631623454,Visible,910,153
163631640571,Visible,889,157
163631657793,Visible,889,157
163631674748,Visible,881,161
163631691797,Visible,881,161
163631709006,Visible,855,171
163631726282,Visible,855,171
163631743225,Visible,807,179
163631760480,Visible,807,179
163631777884,Visible,753,182
163631795391,Visible,699,185
163631812674,Visible,699,185
163631830027,Visible,699,185
163631847077,Visible,643,189
163631864360,Visible,590,187
163631881976,Visible,590,187
163631899404,Visible,548,185
163631916425,Visible,548,185
163631933339,Visible,548,185
163631950903,Visible,528,180
163631968243,Visible,528,180
163631985175,Visible,550,175
163632002124,Visible,567,172
163632019146,Visible,567,172
163632036245,Visible,583,174
163632053226,Visible,583,174
163632070544,Visible,611,173
163632087675,Visible,611,173
163632104875,Visible,650,170
163632121891,Visible,650,170
163632139101,Visible,693,170
163632156235,Visible,693,170
163632173267,Visible,748,169
163632190324,Visible,748,169
163632207607,Visible,817,168
163632224625,Visible,817,168
163632241802,Visible,876,172
163632259328,Visible,876,172
163632276523,Visible,944,176
163632293794,Visible,944,176
163632311061,Visible,984,175
163632328310,Visible,984,175
163632345369,Visible,1027,173
163632362537,Visible,1027,173
163632379944,Visible,1083,172
163632396959,Visible,1083,172
163632414052,Visible,1131,169
163632431235,Visible,1131,169
163632448615,Visible,1171,160
163632465655,Visible,1171,160
163632482914,Visible,1211,153
163632500271,Visible,1236,149
163632517501,Visible,1236,149
163632534690,Visible,1271,138
163632551677,Visible,1271,138
163632568864,Visible,1296,130
163632585712,Visible,1296,130
163632602768,Visible,1311,115
163632619870,Visible,1311,115
163632637206,Visible,1311,115
163632654579,Visible,1343,101
163632671855,Visible,1343,101
163632689083,Visible,1356,98
163632706233,Visible,1394,78
163632723398,Visible,1394,78
163632740946,Visible,1448,63
163632758081,Visible,1448,63
163632775173,Visible,1493,59
163632792259,Visible,1493,59
163632809548,Visible,1535,58
163632826731,Visible,1535,58
163632843831,Visible,1582,57
163632861044,Visible,1582,57
163632878215,Visible,1609,49
163632895588,Visible,1609,49
163632912742,Visible,1652,44
163632929859,Visible,1682,45
163632947224,Visible,1682,45
163632964319,Visible,1682,45
163632981643,Visible,1621,53
163632998895,Visible,1621,53
163633016336,Visible,626,106
163633033405,Visible,626,106
163633050550,Visible,624,149
163633067860,Visible,624,149
163633085105,Visible,619,198
163633102346,Visible,619,198
163633119720,Visible,605,258
163633136863,Visible,605,258
163633154205,Visible,582,329
163633171675,Visible,550,383
163633188780,Visible,550,383
163633205882,Visible,519,418
163633222896,Visible,519,418
163633239992,Visible,504,446
163633256992,Visible,504,446
163633274175,Visible,503,530
163633291419,Visible,503,530
163633308357,Visible,515,580
163633325662,Visible,515,580
163633342699,Visible,515,580
163633360283,Visible,529,623
163633377304,Visible,533,637
163633394177,Visible,533,637
163633411500,Visible,545,667
163633428588,Visible,545,667
163633445746,Visible,560,685
163633462662,Visible,560,685
163633479807,Visible,584,691
163633497032,Visible,584,691
163633513983,Visible,624,685
163633531093,Visible,624,685
163633548447,Visible,687,687
163633565474,Visible,687,687
163633582569,Visible,757,682
163633599895,Visible,757,682
163633616933,Visible,826,677
163633633958,Visible,826,677
163633651233,Visible,894,667
163633668362,Visible,894,667
163633685545,Visible,999,660
163633702863,Visible,999,660
163633720099,Visible,1078,656
163633737271,Visible,1078,656
163633754468,Visible,1173,650
163633771589,Visible,1173,650
163633788633,Visible,1221,646
163633805666,Visible,1221,646
163633822729,Visible,1246,642
163633839625,Visible,1246,642
163633857125,Visible,1280,631
163633874532,Visible,1304,608
163633891488,Visible,1304,608
163633908663,Visible,1308,593
163633925899,Visible,1308,593
163633943345,Visible,1334,571
163633960576,Visible,1334,571
163633977613,Visible,1388,542
163633994706,Visible,1388,542
163634011730,Visible,1436,517
163634028680,Visible,1436,517
163634045667,Visible,1436,517
163634062603,Visible,1495,484
163634080237,Visible,1495,484
163634097139,Visible,1544,462
163634114250,Visible,1587,448
163634131525,Visible,1587,448
163634148754,Visible,1587,448
163634166055,Visible,1560,442
163634183433,Visible,490,465
163634200591,Visible,490,465
163634217788,Visible,480,461
163634234769,Visible,480,461
163634252000,Visible,466,458
163634269204,Visible,466,458
163634286307,Visible,462,446
163634303565,Visible,462,446
163634320729,Visible,450,428
163634337875,Visible,442,410
163634355050,Visible,442,410
163634372295,Visible,442,410
163634389502,Visible,425,393
163634406705,Visible,425,393
163634423983,Visible,412,380
163634441192,Visible,412,380
163634458375,Visible,414,326
163634475584,Visible,414,326
163634492636,Visible,411,301
163634510024,Visible,411,301
163634527759,Visible,407,297
163634544861,Visible,407,297
163634561893,Visible,411,307
163634579054,Visible,414,319
163634595952,Visible,414,319
163634613015,Visible,417,321
163634630547,Visible,417,321
163634647557,Visible,423,325
163634664757,Visible,423,325
163634681934,Visible,429,330
163634699360,Visible,429,330
163634716749,Visible,436,342
163634733951,Visible,436,342
163634751157,Visible,436,342
163634768561,Visible,436,344
163634785676,Visible,436,344
163634802742,Visible,436,344
163634820153,Visible,436,345
163634837263,Visible,436,345
163634854477,Visible,435,346
163634871774,Visible,435,346
163634888796,Visible,434,346
163634905959,Visible,434,346
163634923198,Visible,857,341
163634940162,Visible,857,341
163634957305,Visible,916,343
163634974596,Visible,916,343
163634991773,Visible,979,340
163635009025,Visible,979,340
163635026175,Visible,1025,340
163635043220,Visible,1075,343
163635060621,Visible,1075,343
163635077827,Visible,1075,343
163635095069,Visible,1114,344
163635112294,Visible,1114,344
163635129216,Visible,1133,343
163635146442,Visible,1133,343
163635163315,Visible,1153,346
163635180329,Visible,1153,346
163635197422,Visible,1220,346
163635214816,Visible,1220,346
163635231970,Visible,1321,347
163635249086,Visible,1321,347
163635266349,Visible,1412,353
163635283720,Visible,1481,354
163635300823,Visible,1481,354
163635317867,Visible,1561,361
163635335445,Visible,1561,361
163635352965,Visible,1630,369
163635370363,Visible,1630,369
163635387335,Visible,1660,375
163635404486,Visible,1660,375
163635421967,Visible,1185,454
163635439081,Visible,1185,454
163635456315,Visible,1185,454
163635473306,Visible,870,558
163635490405,Visible,870,558
163635507628,Visible,851,590
163635525049,Visible,818,628
163635542213,Visible,818,628
163635559230,Visible,771,655
163635576522,Visible,771,655
163635593665,Visible,718,658
163635610741,Visible,718,658
163635628145,Visible,644,701
163635645529,Visible,644,701
163635663030,Visible,581,706
163635680401,Visible,581,706
163635697813,Visible,516,746
163635714903,Visible,477,771
163635732131,Visible,477,771
163635749557,Visible,495,770
163635766662,Visible,495,770
163635783565,Visible,495,770
163635800931,Visible,494,827
163635817932,Visible,494,827
163635835216,Visible,493,833
163635852416,Visible,493,833
163635869848,Visible,481,841
163635886950,Visible,481,841
163635904020,Visible,474,876
163635920971,Visible,474,876
163635938407,Visible,460,889
163635955601,Visible,445,914
163635972789,Visible,445,914
163635990033,Visible,442,937
163636007259,Visible,442,937
163636024694,Visible,446,950
163636041685,Visible,446,950
163636058846,Visible,451,971
163636076014,Visible,451,971
163636093070,Visible,456,988
163636110176,Visible,456,988
163636127215,Visible,459,981
163636144561,Visible,459,981
163636161685,Visible,459,981
163636178581,Visible,476,974
163636195954,Visible,487,979
163636213270,Visible,487,979
163636230251,Visible,496,978
163636247706,Visible,496,978
163636264916,Visible,501,978
163636282305,Visible,501,978
163636299726,Visible,503,978
163636317162,Visible,503,978
163636334337,Visible,507,976
163636351231,Visible,507,976
163636368570,Visible,514,973
163636385793,Visible,524,971
163636402936,Visible,524,971
163636420186,Visible,546,965
163636437207,Visible,546,965
163636454559,Visible,549,965
163636471691,Visible,549,965
163636488949,Visible,549,965
163636506139,Visible,555,966
163636523145,Visible,555,966
163636540135,Visible,564,972
163636557438,Visible,564,972
163636574736,Visible,569,999
163636591945,Visible,569,999
163636609002,Visible,572,1019
163636625997,Visible,572,1019
163636643301,Visible,569,1042
163636660597,Visible,567,1055
163636677647,Visible,567,1055
163636694814,Visible,566,1073
163636712076,Visible,566,1073
163636729036,Visible,559,1079
163636746074,Visible,559,1079
163636763106,Visible,552,1079
163636780408,Visible,552,1079
163636797550,Visible,549,1079
163636814806,Visible,549,1079
163636832185,Visible,532,1079
163636849538,Visible,532,1079
163636866714,Visible,532,1079
163636883699,Visible,521,1079
163636901171,Visible,507,1079
163636918273,Visible,507,1079
163636935268,Visible,504,1069
163636952369,Visible,504,1069
163636969567,Visible,488,1054
163636986834,Visible,488,1054
163637003938,Visible,481,1022
163637021052,Visible,481,1022
163637038555,Visible,469,981
163637055662,Visible,469,981
163637072730,Visible,465,941
163637089757,Visible,465,941
163637106738,Visible,461,890
163637124139,Visible,454,853
163637141201,Visible,454,853
163637158450,Visible,448,826
163637175519,Visible,448,826
163637192978,Visible,448,826
163637210415,Visible,436,795
163637227551,Visible,436,795
163637244678,Visible,429,779
163637261717,Visible,429,779
163637278767,Visible,421,764
163637295724,Visible,421,764
163637312960,Visible,414,753
163637330131,Visible,406,745
163637347012,Visible,406,745
163637364161,Visible,404,747
163637381562,Visible,404,747
163637398994,Visible,405,740
163637416064,Visible,405,740
163637433450,Visible,407,735
163637450562,Visible,407,735
163637467802,Visible,408,729
163637484892,Visible,408,729
163637501791,Visible,409,730
163637519110,Visible,409,730
163637536263,Visible,410,737
163637553364,Visible,410,737
163637570546,Visible,410,737
163637587491,Visible,415,753
163637604624,Visible,416,769
163637621514,Visible,416,769
163637638481,Visible,420,810
163637655971,Visible,420,810
163637673167,Visible,427,853
163637690536,Visible,427,853
163637708205,Visible,433,884
163637725118,Visible,433,884
163637742126,Visible,438,908
163637759612,Visible,438,908
163637776821,Visible,444,935
163637793924,Visible,444,935
163637810931,Visible,447,969
163637828125,Visible,447,997
163637845518,Visible,447,997
163637862741,Visible,451,979
163637879946,Visible,451,979
163637897035,Visible,451,979
163637914194,Visible,464,975
163637931552,Visible,464,975
163637949112,Visible,470,969
163637966542,Visible,470,969
163637983705,Visible,473,971
163638000837,Visible,476,967
163638017864,Visible,476,967
163638035047,Visible,482,965
163638052103,Visible,482,965
163638069598,Visible,498,963
163638087069,Visible,498,963
163638104467,Visible,519,957
163638121633,Visible,519,957
163638138825,Visible,559,948
163638155810,Visible,559,948
163638172850,Visible,609,939
163638189904,Visible,609,939
163638207129,Visible,671,924
163638224433,Visible,671,924
163638241366,Visible,732,918
163638258299,Visible,732,918
163638275909,Visible,732,918
163638292899,Visible,805,910
163638309945,Visible,847,905
163638327086,Visible,847,905
163638344281,Visible,937,900
163638361647,Visible,937,900
163638379022,Visible,1037,901
163638396421,Visible,1037,901
163638413417,Visible,1087,890
163638430434,Visible,1087,890
163638447460,Visible,1167,873
163638464535,Visible,1167,873
163638481868,Visible,1224,850
163638498931,Visible,1279,835
163638516027,Visible,1279,835
163638533220,Visible,1303,836
163638550317,Visible,1303,836
163638567586,Visible,1365,830
163638584634,Visible,1365,830
163638601652,Visible,1365,830
163638618590,Visible,1459,830
163638635615,Visible,1459,830
163638652809,Visible,1496,830
163638670004,Visible,1496,830
163638687162,Visible,1545,832
163638704430,Visible,1545,832
163638721602,Visible,1572,829
163638738625,Visible,1583,830
163638755593,Visible,1583,830
163638772857,Visible,1613,829
163638790096,Visible,1613,829
163638807350,Visible,1638,831
163638824464,Visible,1638,831
163638841647,Visible,1679,833
163638858913,Visible,1679,833
163638876060,Visible,1697,835
163638893430,Visible,1697,835
163638910446,Visible,1720,836
163638927448,Visible,1720,836
163638944451,Visible,1720,842
163638961432,Visible,1720,842
163638978989,Visible,1720,842
163638995830,Visible,1712,847
163639013028,Visible,1718,849
163639030092,Visible,1718,849
163639047390,Visible,1723,855
163639064402,Visible,1723,855
163639081601,Visible,1717,854
163639098659,Visible,1717,854
163639115648,Visible,1713,854
163639132703,Visible,1713,854
163639149910,Visible,1653,851
163639167179,Visible,1653,851
163639184545,Visible,890,864
163639201859,Visible,845,872
163639218839,Visible,845,872
163639236096,Visible,799,877
163639253249,Visible,799,877
163639270099,Visible,719,883
163639287310,Visible,719,883
163639304499,Visible,719,883
163639321680,Visible,650,890
163639338692,Visible,650,890
163639355821,Visible,597,892
163639373133,Visible,597,892
163639390174,Visible,535,893
163639407216,Visible,535,893
163639424415,Visible,504,894
163639441674,Visible,504,894
163639459085,Visible,468,895
163639476222,Visible,436,896
163639493305,Visible,436,896
163639510567,Visible,400,897
163639527954,Visible,400,897
163639544917,Visible,368,899
163639561847,Visible,368,899
163639578926,Visible,352,901
163639595991,Visible,352,901
163639613105,Visible,343,902
163639630532,Visible,343,902
163639647616,Visible,336,904
163639665079,Visible,336,904
163639682225,Visible,317,909
163639699297,Visible,317,909
163639716729,Visible,305,911
163639733611,Visible,305,911
163639751073,Visible,291,913
163639768070,Visible,291,913
163639785251,Visible,287,914
163639802291,Visible,287,914
163639819513,Visible,285,920
163639836546,Visible,285,920
163639853822,Visible,289,921
163639871219,Visible,289,921
163639888403,Visible,292,923
163639905450,Visible,292,923
163639922543,Visible,295,922
163639939933,Visible,297,922
163639957099,Visible,297,922
163639974315,Visible,298,923
163639991708,Visible,298,923
163640009058,Visible,298,923
163640026528,Visible,308,843
163640043519,Visible,308,843
163640060694,Visible,303,469
163640078037,Visible,303,469
163640095376,Visible,300,127
163640112665,Visible,300,127
163640129746,Visible,288,108
163640147169,Visible,279,102
163640164356,Visible,279,102
163640181347,Visible,268,114
163640198544,Visible,268,114
163640216002,Visible,259,114
163640233495,Visible,259,114
163640250577,Visible,248,115
163640267779,Visible,248,115
163640285229,Visible,240,118
163640302595,Visible,240,118
163640320053,Visible,235,119
163640337474,Visible,235,119
163640354708,Visible,228,121
163640372022,Visible,228,121
163640389214,Visible,230,119
163640406523,Visible,230,119
163640423699,Visible,230,118
163640440747,Visible,230,118
163640458119,Visible,232,115
163640475088,Visible,232,115
163640492202,Visible,233,112
163640509578,Visible,233,112
163640526785,Visible,228,111
163640543767,Visible,228,111
163640560743,Visible,224,103
163640577806,Visible,224,103
163640594928,Visible,217,101
163640612151,Visible,213,100
163640629388,Visible,213,100
163640646713,Visible,209,102
163640663691,Visible,209,102
163640680718,Visible,200,129
163640698138,Visible,200,129
163640715556,Visible,200,129
163640732779,Visible,221,500
163640749886,Visible,221,500
163640766943,Visible,222,499
163640784074,Visible,222,499
163640801131,Visible,222,499
163640818557,Visible,222,499
163640835545,Visible,223,507
163640852926,Visible,204,138
163640870002,Visible,204,138
163640887038,Visible,197,131
163640904274,Visible,197,131
163640921420,Visible,191,121
163640938514,Visible,191,121
163640955595,Visible,178,124
163640972740,Visible,178,124
163640989997,Visible,170,122
163641007590,Visible,170,122
163641024721,Visible,166,123
163641042063,Visible,166,123
163641059050,Visible,150,116
163641076077,Visible,150,116
163641093240,Visible,124,118
163641110622,Visible,124,118
163641127619,Visible,114,119
163641144874,Visible,114,119
163641162394,Visible,97,117
163641179376,Visible,97,117
163641196515,Visible,72,114
163641213850,Visible,72,114
163641230936,Visible,59,113
163641248397,Visible,59,113
163641265725,Visible,57,114
163641282878,Visible,55,112
163641299954,Visible,55,112
163641317184,Visible,62,110
163641334480,Visible,62,110
163641351784,Visible,73,110
163641368638,Visible,73,110
163641385820,Visible,85,111
163641402737,Visible,85,111
163641420148,Visible,85,111
163641437410,Visible,98,115
163641454646,Visible,98,115
163641471629,Visible,121,155
163641488655,Visible,121,155
163641505905,Visible,122,155
163641522928,Visible,122,155
163641539768,Visible,122,155
163641556790,Visible,122,155
163641574058,Visible,122,155
163641591232,Visible,121,155
163641608565,Visible,121,155
163641625804,Visible,593,145
163641642980,Visible,593,145
163641660176,Visible,613,144
163641677489,Visible,613,144
163641694526,Visible,637,140
163641711651,Visible,637,140
163641728987,Visible,657,138
163641746174,Visible,657,138
163641763449,Visible,665,138
163641780469,Visible,665,138
163641797479,Visible,661,136
163641814913,Visible,661,136
163641832332,Visible,652,137
163641849593,Visible,652,137
163641866768,Visible,639,135
163641883988,Visible,639,135
163641901132,Visible,626,138
163641918182,Visible,626,138
163641935365,Visible,643,147
163641952615,Visible,643,147
163641969799,Visible,675,175
163641986982,Visible,675,175
163642004441,Visible,701,195
163642021568,Visible,719,235
163642038697,Visible,719,235
163642055930,Visible,732,263
163642073259,Visible,732,263
163642090471,Visible,754,291
163642107435,Visible,754,291
163642124926,Visible,754,291
163642141972,Visible,768,310
163642159167,Visible,768,310
163642176126,Visible,775,320
163642193193,Visible,775,320
163642210424,Visible,783,324
163642227869,Visible,785,340
163642245193,Visible,785,340
163642262412,Visible,783,342
163642279481,Visible,783,342
163642296637,Visible,779,340
163642314076,Visible,779,340
163642331215,Visible,775,340
163642348659,Visible,775,340
163642365997,Visible,775,346
163642383292,Visible,775,346
163642400482,Visible,776,344
163642417778,Visible,773,345
163642435227,Visible,773,345
163642452240,Visible,773,345
163642469341,Visible,746,348
163642486574,Visible,746,348
163642503647,Visible,699,347
163642521054,Visible,699,347
163642538242,Visible,627,351
163642555539,Visible,627,351
163642572610,Visible,548,356
163642589786,Visible,548,356
163642606958,Visible,476,360
163642624164,Visible,476,360
163642641298,Visible,416,364
163642658389,Visible,416,364
163642675763,Visible,380,363
163642692914,Visible,364,369
163642709780,Visible,364,369
163642727275,Visible,349,371
163642744405,Visible,349,371
163642761730,Visible,337,375
163642778853,Visible,337,375
163642796267,Visible,337,380
163642813320,Visible,337,380
163642830590,Visible,337,380
163642847936,Visible,330,386
163642865073,Visible,330,386
163642882179,Visible,322,388
163642899286,Visible,313,391
163642916532,Visible,313,391
163642933418,Visible,301,393
163642950403,Visible,301,393
163642967549,Visible,297,396
163642984807,Visible,297,396
163643002011,Visible,277,395
163643019196,Visible,277,395
163643036502,Visible,263,394
163643053651,Visible,263,394
163643070883,Visible,263,392
163643088091,Visible,263,392
163643105456,Visible,257,390
163643122847,Visible,249,389
163643140285,Visible,249,389
163643157194,Visible,249,389
163643174636,Visible,244,389
163643191756,Visible,244,389
163643208974,Visible,246,390
163643226271,Visible,246,390
163643243763,Visible,249,396
163643260954,Visible,249,396
163643278071,Visible,252,398
163643295013,Visible,252,398
163643312177,Visible,257,422
163643329444,Visible,281,556
163643346923,Visible,281,556
163643364355,Visible,306,661
163643381687,Visible,306,661
163643399141,Visible,369,717
163643416526,Visible,369,717
163643433766,Visible,454,786
163643450909,Visible,454,786
163643468374,Visible,551,808
163643485642,Visible,551,808
163643502801,Visible,613,859
163643520053,Visible,613,859
163643537183,Visible,613,859
163643554653,Visible,638,920
163643572058,Visible,675,941
163643589018,Visible,675,941
163643606199,Visible,718,960
163643623337,Visible,718,960
163643640648,Visible,749,965
163643657552,Visible,749,965
163643674823,Visible,761,968
163643691777,Visible,761,968
163643708991,Visible,773,962
163643726178,Visible,773,962
163643743245,Visible,784,958
163643760424,Visible,784,958
163643777384,Visible,786,958
163643794389,Visible,783,953
163643811719,Visible,783,953
163643829122,Visible,785,955
163643846434,Visible,785,955
163643863854,Visible,785,955
163643880873,Visible,769,951
163643897995,Visible,769,951
163643915222,Visible,756,953
163643932573,Visible,756,953
163643950036,Visible,734,955
163643967177,Visible,734,955
163643984246,Visible,724,954
163644001559,Visible,724,954
163644018566,Visible,700,961
163644035706,Visible,670,972
163644053297,Visible,670,972
163644070335,Visible,600,976
163644087419,Visible,600,976
163644104558,Visible,539,977
163644121585,Visible,539,977
163644138788,Visible,467,981
163644156059,Visible,467,981
163644173323,Visible,439,981
163644190605,Visible,439,981
163644207782,Visible,408,982
163644224960,Visible,408,982
163644242171,Visible,408,982
163644259171,Visible,317,985
163644276296,Visible,290,988
163644293601,Visible,290,988
163644310661,Visible,266,987
163644327715,Visible,266,987
163644344911,Visible,229,990
163644362067,Visible,229,990
163644379312,Visible,216,991
163644396481,Visible,216,991
163644413686,Visible,206,993
163644430774,Visible,206,993
163644447854,Visible,196,994
163644465237,Visible,196,994
163644482536,Visible,190,988
163644499637,Visible,188,988
163644516881,Visible,188,988
163644533954,Visible,191,984
163644550953,Visible,191,984
163644568219,Visible,191,984
163644585773,Visible,196,983
163644602881,Visible,196,983
163644620047,Visible,198,981
163644637217,Visible,198,981
163644654288,Visible,202,972
163644671693,Visible,202,972
163644688981,Visible,215,935
163644706005,Visible,215,935
163644723144,Visible,222,880
163644740501,Visible,230,843
163644757808,Visible,230,843
163644774965,Visible,238,803
163644792094,Visible,238,803
163644809240,Visible,253,732
163644826337,Visible,253,732
163644843890,Visible,263,693
163644861229,Visible,263,693
163644878494,Visible,265,658
163644895604,Visible,265,658
163644912775,Visible,307,623
163644929986,Visible,307,623
163644947193,Visible,437,607
163644964273,Visible,437,607
163644981220,Visible,539,617
163644998229,Visible,539,617
163645015696,Visible,604,616
163645032695,Visible,604,616
163645049971,Visible,673,622
163645067384,Visible,673,622
163645084521,Visible,757,625
163645101688,Visible,757,625
163645118733,Visible,822,633
163645135754,Visible,822,633
163645153267,Visible,881,652
163645170434,Visible,928,676
163645187432,Visible,928,676
163645204469,Visible,950,717
163645221603,Visible,950,717
163645238643,Visible,1029,747
163645255566,Visible,1029,747
163645272806,Visible,1029,747
163645289798,Visible,1162,766
163645306737,Visible,1162,766
163645323857,Visible,1276,786
163645340978,Visible,1276,786
163645358203,Visible,1331,821
163645375188,Visible,1331,821
163645392441,Visible,1381,842
163645409523,Visible,1427,871
163645426571,Visible,1427,871
163645443707,Visible,1497,898
163645460929,Visible,1497,898
163645477805,Visible,1533,886
163645494975,Visible,1533,886
163645511956,Visible,1565,885
163645528994,Visible,1565,885
163645546342,Visible,1573,875
163645563646,Visible,1573,875
163645580869,Visible,1597,874
163645598281,Visible,1597,874
163645615485,Visible,1618,873
163645632764,Visible,1618,873
163645650059,Visible,1637,883
163645667267,Visible,1637,883
163645684377,Visible,1652,882
163645701683,Visible,1652,882
163645718577,Visible,1644,884
163645735672,Visible,1644,884
163645752904,Visible,1647,881
163645770031,Visible,1647,881
163645787063,Visible,1645,871
163645804144,Visible,1645,871
163645821224,Visible,1661,864
163645838615,Visible,1661,864
163645855639,Visible,1668,845
163645872880,Visible,1668,845
163645890321,Visible,1669,832
163645908058,Visible,1669,824
163645925462,Visible,1669,824
163645942900,Visible,1672,816
163645959980,Visible,1672,816
163645977138,Visible,1672,816
163645994528,Visible,1669,807
163646011672,Visible,1669,807
163646028700,Visible,1677,799
163646046285,Visible,1677,799
163646063416,Visible,1689,799
163646081131,Visible,1692,800
163646098451,Visible,1692,800
163646115674,Visible,1697,803
163646132604,Visible,1697,803
163646149876,Visible,1701,806
163646166768,Visible,1701,806
163646183833,Visible,1710,807
163646200833,Visible,1710,807
163646218098,Visible,1717,810
163646234909,Visible,1717,810
163646251926,Visible,1719,811
163646269158,Visible,1719,811
163646286369,Visible,1721,812
163646303473,Visible,1721,812
163646320723,Visible,1724,816
163646338062,Visible,1724,816
163646355252,Visible,1724,816
163646372361,Visible,1722,822
163646389631,Visible,1721,829
163646406954,Visible,1721,829
163646423912,Visible,1720,849
163646441067,Visible,1720,849
163646458336,Visible,1723,877
163646475540,Visible,1723,877
163646492609,Visible,1724,901
163646510098,Visible,1724,901
163646527271,Visible,1726,922
163646544499,Visible,1726,922
163646561710,Visible,1726,948
163646578546,Visible,1726,959
163646596022,Visible,1726,959
163646613177,Visible,1720,965
163646630349,Visible,1720,965
163646647471,Visible,1711,968
163646664623,Visible,1711,968
163646681563,Visible,1711,968
163646698748,Visible,1600,945
163646716094,Visible,1600,945
163646733676,Visible,814,924
163646750655,Visible,814,924
163646767749,Visible,761,871
163646784621,Visible,761,871
163646801809,Visible,730,801
163646819257,Visible,620,397
163646836438,Visible,620,397
163646853589,Visible,551,357
163646871043,Visible,551,357
163646888309,Visible,475,353
163646905330,Visible,475,353
163646922465,Visible,417,348
163646939600,Visible,417,348
163646956679,Visible,356,325
163646973539,Visible,356,325
163646990670,Visible,413,308
163647007779,Visible,413,308
163647024897,Visible,410,309
163647042293,Visible,410,309
163647059894,Visible,410,309
163647076912,Visible,410,309
163647094097,Visible,409,308
163647111292,Visible,409,308
163647128389,Visible,410,308
163647145365,Visible,410,308
163647162569,Visible,412,308
163647179861,Visible,412,308
163647196995,Visible,397,317
163647214292,Visible,397,317
163647231494,Visible,355,306
163647248516,Visible,355,306
163647265907,Visible,347,300
163647283224,Visible,760,297
163647300321,Visible,760,297
163647317516,Visible,1207,324
163647334705,Visible,1207,324
163647351988,Visible,1248,384
163647368966,Visible,1248,384
163647386157,Visible,1248,384
163647403207,Visible,1311,469
163647420229,Visible,1311,469
163647437732,Visible,1360,527
163647454977,Visible,1360,527
163647472243,Visible,1404,569
163647489379,Visible,1404,569
163647506338,Visible,1447,612
163647524081,Visible,1473,659
163647541055,Visible,1473,659
163647558157,Visible,1473,659
163647575635,Visible,1460,705
163647592748,Visible,1446,704
163647610069,Visible,1446,704
163647627479,Visible,1434,712
163647644552,Visible,1434,712
163647661555,Visible,1412,719
163647678684,Visible,1412,719
163647695966,Visible,1388,720
163647712886,Visible,1388,720
163647730074,Visible,1355,728
163647747114,Visible,1355,728
163647764319,Visible,1355,728
163647781573,Visible,1287,732
163647798863,Visible,1219,732
163647816060,Visible,1219,732
163647833220,Visible,1134,727
163647850712,Visible,1134,727
163647867929,Visible,1037,724
163647885161,Visible,1037,724
163647902331,Visible,964,719
163647919285,Visible,964,719
163647936248,Visible,898,705
163647953343,Visible,898,705
163647970549,Visible,848,694
163647987959,Visible,806,679
163648005257,Visible,806,679
163648022488,Visible,757,655
163648039825,Visible,757,655
163648056885,Visible,738,626
163648074089,Visible,738,626
163648091285,Visible,738,626
163648108913,Visible,722,599
163648126013,Visible,722,599
163648143148,Visible,703,583
163648160303,Visible,703,583
163648177686,Visible,727,538
163648195159,Visible,753,480
163648212123,Visible,753,480
163648229035,Visible,811,442
163648246364,Visible,811,442
163648263735,Visible,866,377
163648280985,Visible,866,377
163648298150,Visible,906,335
163648315323,Visible,906,335
163648332621,Visible,920,300
163648349632,Visible,920,300
163648366828,Visible,929,265
163648384071,Visible,929,265
163648401565,Visible,940,258
163648418582,Visible,942,241
163648435717,Visible,942,241
163648453080,Visible,942,241
163648470282,Visible,941,218
163648487428,Visible,941,218
163648504552,Visible,943,225
163648521962,Visible,943,225
163648539299,Visible,947,233
163648556476,Visible,947,233
163648573617,Visible,946,235
163648590842,Visible,946,235
163648608070,Visible,947,233
163648625241,Visible,947,233
163648642580,Visible,950,232
163648659710,Visible,955,219
163648676839,Visible,955,219
163648693854,Visible,962,209
163648710875,Visible,962,209
163648727885,Visible,969,207
163648744903,Visible,969,207
163648761921,Visible,969,201
163648778941,Visible,969,201
163648795975,Visible,969,201
163648813343,Visible,977,185
163648830571,Visible,977,185
163648847664,Visible,977,179
163648865064,Visible,977,179
163648882310,Visible,977,176
163648899532,Visible,1051,176
163648916951,Visible,1051,176
163648934151,Visible,1130,178
163648951156,Visible,1130,178
163648968053,Visible,1206,178
163648985259,Visible,1206,178
163649002325,Visible,1276,185
163649019520,Visible,1276,185
163649036431,Visible,1329,207
163649053561,Visible,1329,207
163649070939,Visible,1318,231
163649088162,Visible,1318,231
163649105476,Visible,1288,264
163649123098,Visible,1270,285
163649140500,Visible,1270,285
163649157641,Visible,1270,285
163649175026,Visible,1222,319
163649192317,Visible,1222,319
163649209717,Visible,1149,317
163649226841,Visible,1149,317
163649244063,Visible,1073,319
163649261326,Visible,1073,319
163649278367,Visible,1005,324
163649295568,Visible,1005,324
163649312695,Visible,936,325
163649329811,Visible,819,322
163649346902,Visible,819,322
163649364233,Visible,720,313
163649381118,Visible,720,313
163649398163,Visible,626,299
163649415501,Visible,626,299
163649432924,Visible,536,277
163649449942,Visible,536,277
163649466955,Visible,455,254
163649484107,Visible,455,254
163649501128,Visible,455,254
163649518572,Visible,381,238
163649535803,Visible,381,238
163649553003,Visible,332,236
163649570062,Visible,297,235
163649587265,Visible,297,235
163649604622,Visible,274,231
163649621551,Visible,274,231
163649638925,Visible,269,226
163649656303,Visible,269,226
163649673392,Visible,267,226
163649690473,Visible,267,226
163649707690,Visible,261,227
163649724922,Visible,261,227
163649742333,Visible,246,222
163649759731,Visible,246,222
163649776702,Visible,236,217
163649793833,Visible,213,215
163649810902,Visible,213,215
163649828132,Visible,198,213
163649845731,Visible,198,213
163649863163,Visible,198,213
163649880430,Visible,182,215
163649897730,Visible,182,215
163649915266,Visible,191,214
163649932474,Visible,191,214
163649949748,Visible,197,206
163649966800,Visible,197,206
163649983740,Visible,209,198
163650000890,Visible,209,198
163650018064,Visible,223,184
163650035314,Visible,230,173
163650052498,Visible,230,173
163650069740,Visible,235,162
163650086953,Visible,235,162
163650104111,Visible,262,549
163650121356,Visible,262,549
163650138571,Visible,263,549
163650155919,Visible,263,549
163650173261,Visible,263,549
163650190337,Visible,263,549
163650207338,Visible,263,549
163650224842,Visible,264,549
163650241937,Visible,264,549
163650259132,Visible,264,549
163650276235,Visible,251,204
163650293293,Visible,251,204
163650310371,Visible,235,168
163650327243,Visible,235,168
163650344175,Visible,207,159
163650361300,Visible,207,159
163650378408,Visible,182,119
163650395351,Visible,182,119
163650412489,Visible,144,116
163650429703,Visible,144,116
163650446903,Visible,108,101
163650464343,Visible,108,101
163650481327,Visible,97,90
163650498552,Visible,92,95
163650515741,Visible,92,95
163650533081,Visible,103,99
163650550420,Visible,103,99
163650567643,Visible,103,99
163650584755,Visible,109,86
163650601954,Visible,109,86
163650619078,Visible,117,93
163650636170,Visible,117,93
163650653136,Visible,118,95
163650670290,Visible,118,95
163650687369,Visible,146,103
163650704552,Visible,146,103
163650721576,Visible,189,102
163650738810,Visible,189,102
163650756080,Visible,249,101
163650773094,Visible,280,102
163650790091,Visible,280,102
163650807182,Visible,313,104
163650824566,Visible,313,104
163650841731,Visible,381,104
163650858738,Visible,381,104
163650875979,Visible,460,116
163650893181,Visible,460,116
163650910423,Visible,460,116
163650927333,Visible,541,123
163650944650,Visible,541,123
163650961727,Visible,591,131
163650978930,Visible,628,131
163650995870,Visible,628,131
163651013322,Visible,677,134
163651030417,Visible,677,134
163651047578,Visible,735,146
163651064708,Visible,735,146
163651082008,Visible,780,175
163651099154,Visible,780,175
163651116124,Visible,829,171
163651133178,Visible,829,171
163651150926,Visible,870,167
163651168204,Visible,870,167
163651185140,Visible,910,163
163651202237,Visible,947,163
163651219339,Visible,947,163
163651236626,Visible,962,163
163651253915,Visible,962,163
163651270928,Visible,962,163
163651288388,Visible,956,173
163651305500,Visible,956,173
163651322853,Visible,955,173
163651340024,Visible,955,173
163651357000,Visible,965,180
163651374017,Visible,965,180
163651391276,Visible,979,185
163651408423,Visible,979,185
163651425451,Visible,989,189
163651442646,Visible,993,188
163651459815,Visible,993,188
163651476827,Visible,1003,183
163651493881,Visible,1003,183
163651511009,Visible,1023,180
163651528142,Visible,1023,180
163651545514,Visible,1041,174
163651562559,Visible,1041,174
163651579859,Visible,1055,152
163651597312,Visible,1055,152
163651614522,Visible,1055,152
163651631417,Visible,1073,133
163651648848,Visible,1073,133
163651666289,Visible,1091,116
163651683266,Visible,1112,92
163651700570,Visible,1112,92
163651717729,Visible,1124,77
163651735077,Visible,1124,77
163651752165,Visible,1141,70
163651769364,Visible,1141,70
163651786600,Visible,1137,67
163651803756,Visible,1137,67
163651820992,Visible,1136,62
163651838261,Visible,1136,62
163651855596,Visible,1133,50
163651872810,Visible,1133,50
163651890037,Visible,1129,40
163651906972,Visible,1126,25
163651923839,Visible,1126,25
163651941058,Visible,1124,13
163651958410,Visible,1124,13
163651975486,Visible,1124,13
163651992855,Visible,1124,9
163652010097,Visible,1124,9
163652027247,Visible,1126,8
163652044351,Visible,1126,8
163652061563,Visible,1131,3
163652078694,Visible,1131,3
163652095931,Visible,1134,0
163652112950,Visible,1134,0
163652130222,Visible,1131,2
163652147421,Visible,1129,3
163652164563,Visible,1129,3
163652181584,Visible,1119,2
163652198926,Visible,1119,2
163652216027,Visible,1104,5
163652233070,Visible,1104,5
163652250468,Visible,1084,7
163652267604,Visible,1084,7
163652284751,Visible,1076,15
163652301758,Visible,1076,15
163652318979,Visible,1076,15
163652336159,Visible,1084,25
163652353228,Visible,1084,25
163652370426,Visible,1089,31
163652387586,Visible,1092,35
163652404573,Visible,1092,35
163652421782,Visible,1103,36
163652439136,Visible,1103,36
163652456374,Visible,1117,35
163652473541,Visible,1117,35
163652490781,Visible,1118,38
163652508060,Visible,1118,38
163652525278,Visible,789,53
163652542729,Visible,789,53
163652559947,Visible,712,66
163652577139,Visible,712,66
163652594450,Visible,622,88
163652611387,Visible,544,111
163652628514,Visible,544,111
163652645704,Visible,493,138
163652662936,Visible,493,138
163652680364,Visible,493,138
163652697487,Visible,478,208
163652714697,Visible,478,208
163652731707,Visible,479,276
163652748631,Visible,479,276
163652765731,Visible,490,312
163652782879,Visible,490,312
163652800212,Visible,499,357
163652817354,Visible,509,390
163652834554,Visible,509,390
163652851642,Visible,516,426
163652868794,Visible,516,426
163652885824,Visible,529,435
163652902978,Visible,529,435
163652920064,Visible,566,435
163652937489,Visible,566,435
163652954715,Visible,621,445
163652971679,Visible,621,445
163652988873,Visible,701,449
163653006255,Visible,701,449
163653023488,Visible,701,449
163653040664,Visible,866,476
163653057782,Visible,866,476
163653074988,Visible,941,482
163653092144,Visible,1004,490
163653109420,Visible,1004,490
163653126611,Visible,1062,493
163653143845,Visible,1062,493
163653161369,Visible,1118,494
163653178708,Visible,1118,494
163653195677,Visible,1168,491
163653212850,Visible,1168,491
163653229805,Visible,1222,488
163653247030,Visible,1222,488
163653263966,Visible,1261,486
163653281269,Visible,1281,484
163653298446,Visible,1281,484
163653315560,Visible,1299,485
163653332868,Visible,1299,485
163653350231,Visible,1305,489
163653367557,Visible,1305,489
163653384700,Visible,1305,489
163653401787,Visible,1321,491
163653418687,Visible,1321,491
163653435704,Visible,1346,491
163653452800,Visible,1346,491
163653470375,Visible,1375,491
163653487601,Visible,1375,491
163653504571,Visible,1393,496
163653521592,Visible,1415,503
163653538948,Visible,1415,503
163653555955,Visible,1439,505
163653573369,Visible,1439,505
163653590868,Visible,1474,504
163653608119,Visible,1474,504
163653625284,Visible,1466,502
163653642532,Visible,1466,502
163653659421,Visible,1452,507
163653676474,Visible,1452,507
163653693801,Visible,1376,514
163653710903,Visible,1376,514
163653728188,Visible,1376,514
163653745442,Visible,1260,523
163653763027,Visible,1189,526
163653780170,Visible,1189,526
163653797303,Visible,1116,535
163653814787,Visible,1116,535
163653831943,Visible,1094,544
163653848959,Visible,1094,544
163653866445,Visible,1070,551
163653883745,Visible,1070,551
163653901043,Visible,1049,557
163653918181,Visible,1049,557
163653935198,Visible,1036,559
163653952252,Visible,1036,559
163653969623,Visible,1010,566
163653986741,Visible,971,575
163654004065,Visible,971,575
163654021040,Visible,937,587
163654038388,Visible,937,587
163654055497,Visible,905,593
163654072847,Visible,905,593
163654089975,Visible,905,593
163654106952,Visible,867,608
163654124111,Visible,867,608
163654141518,Visible,842,612
163654158753,Visible,842,612
163654176068,Visible,821,614
163654193652,Visible,802,617
163654210611,Visible,802,617
163654227705,Visible,744,614
163654244945,Visible,744,614
163654262077,Visible,664,604
163654279219,Visible,664,604
163654296415,Visible,597,582
163654313644,Visible,597,582
163654331147,Visible,547,571
163654348558,Visible,547,571
163654366004,Visible,508,569
163654383179,Visible,508,569
163654400211,Visible,466,564
163654417303,Visible,466,564
163654434513,Visible,466,564
163654451793,Visible,416,557
163654468956,Visible,407,556
163654486113,Visible,407,556
163654503075,Visible,388,552
163654520399,Visible,388,552
163654537383,Visible,369,552
163654554758,Visible,369,552
163654572451,Visible,350,552
163654589657,Visible,350,552
163654606836,Visible,330,556
163654623749,Visible,330,556
163654640965,Visible,314,556
163654657958,Visible,314,556
163654675251,Visible,301,554
163654692504,Visible,293,555
163654709872,Visible,293,555
163654727216,Visible,293,550
163654744396,Visible,293,550
163654761561,Visible,292,547
163654778656,Visible,292,547
163654795801,Visible,292,547
163654813029,Visible,283,537
163654830241,Visible,283,537
163654847592,Visible,280,530
163654864712,Visible,280,530
163654881659,Visible,279,526
163654898945,Visible,275,515
163654916255,Visible,275,515
163654933214,Visible,273,515
163654950401,Visible,273,515
163654967364,Visible,275,504
163654984404,Visible,275,504
163655001427,Visible,275,498
163655018722,Visible,275,498
163655035793,Visible,279,502
163655052853,Visible,279,502
163655069944,Visible,281,500
163655087061,Visible,281,500
163655104181,Visible,289,502
163655121317,Visible,289,502
163655138554,Visible,289,502
163655155547,Visible,292,504
163655172562,Visible,291,503
163655190004,Visible,291,503
163655207610,Visible,291,503
163655224564,Visible,291,503
163655241719,Visible,290,504
163655258816,Visible,290,504
163655276090,Visible,289,504
163655293196,Visible,289,504
163655310622,Visible,289,503
163655327734,Visible,289,503
163655344832,Visible,290,501
163655361863,Visible,293,493
163655378783,Visible,293,493
163655395763,Visible,301,489
163655412892,Visible,301,489
163655430133,Visible,310,488
163655447333,Visible,310,488
163655464574,Visible,320,471
163655481775,Visible,320,471
163655499017,Visible,320,471
163655516483,Visible,326,463
163655533317,Visible,326,463
163655550520,Visible,322,458
163655567669,Visible,322,458
163655584686,Visible,321,459
163655601921,Visible,327,464
163655619136,Visible,327,464
163655636269,Visible,332,464
163655653682,Visible,332,464
163655670881,Visible,344,466
163655687823,Visible,344,466
163655704839,Visible,360,471
163655721796,Visible,360,471
163655738915,Visible,371,475
163655756153,Visible,371,475
163655773324,Visible,386,491
163655790605,Visible,386,491
163655808009,Visible,420,513
163655825146,Visible,420,513
163655842367,Visible,420,513
163655859287,Visible,471,533
163655876480,Visible,502,543
163655893555,Visible,502,543
163655910798,Visible,519,553
163655928280,Visible,519,553
163655945538,Visible,546,555
163655962552,Visible,546,555
163655979591,Visible,558,556
163655996744,Visible,558,556
163656013905,Visible,588,562
163656031171,Visible,588,562
163656048448,Visible,609,557
163656065452,Visible,635,558
163656082433,Visible,635,558
163656099727,Visible,645,553
163656116904,Visible,645,553
163656134378,Visible,666,550
163656151757,Visible,666,550
163656168736,Visible,683,549
163656185977,Visible,683,549
163656203038,Visible,683,549
163656220325,Visible,686,551
163656237335,Visible,686,551
163656254516,Visible,685,551
163656271457,Visible,685,551
163656288538,Visible,688,553
163656305660,Visible,688,553
163656322823,Visible,689,552
163656340180,Visible,694,552
163656357693,Visible,694,552
163656374750,Visible,692,554
163656392064,Visible,692,554
163656409279,Visible,703,550
163656426224,Visible,703,550
163656443502,Visible,715,548
163656460700,Visible,715,548
163656477889,Visible,716,549
163656494864,Visible,716,549
163656511929,Visible,721,550
163656529055,Visible,721,550
163656546280,Visible,721,550
163656563731,Visible,727,551
163656581160,Visible,731,551
163656598449,Visible,731,551
163656615554,Visible,730,552
163656632653,Visible,730,552
163656650035,Visible,733,553
163656667257,Visible,733,553
163656684455,Visible,745,559
163656701677,Visible,745,559
163656718916,Visible,763,560
163656736096,Visible,763,560
163656753425,Visible,779,563
163656770776,Visible,811,559
163656787802,Visible,811,559
163656804956,Visible,846,559
163656822061,Visible,846,559
163656838965,Visible,856,570
163656855912,Visible,856,570
163656873227,Visible,856,569
163656890473,Visible,856,569
163656907767,Visible,856,569
163656925235,Visible,855,569
163656942448,Visible,855,569
163656959462,Visible,854,568
163656976765,Visible,854,568
163656993964,Visible,854,568
163657011304,Visible,854,568
163657028589,Visible,853,596
163657045657,Visible,820,594
163657062763,Visible,820,594
163657080068,Visible,718,596
163657097386,Visible,718,596
163657114470,Visible,608,598
163657131587,Visible,608,598
163657149104,Visible,513,600
163657166264,Visible,513,600
163657183383,Visible,424,600
163657200577,Visible,424,600
163657217489,Visible,344,604
163657234964,Visible,344,604
163657252066,Visible,344,604
163657269069,Visible,262,607
163657286232,Visible,232,607
163657303448,Visible,232,607
163657320531,Visible,215,608
163657337792,Visible,215,608
163657354746,Visible,194,609
163657371958,Visible,194,609
163657388951,Visible,206,607
163657406093,Visible,206,607
163657423438,Visible,223,606
163657440490,Visible,223,606
163657457561,Visible,239,609
163657474660,Visible,239,609
163657491722,Visible,247,614
163657508891,Visible,265,617
163657525853,Visible,265,617
163657543070,Visible,309,619
163657560209,Visible,309,619
163657577690,Visible,357,633
163657595119,Visible,357,633
163657612525,Visible,357,633
163657629705,Visible,481,671
163657647040,Visible,481,671
163657663944,Visible,542,688
163657681159,Visible,542,688
163657698276,Visible,606,726
163657715505,Visible,652,739
163657732750,Visible,652,739
163657750068,Visible,685,757
163657766997,Visible,685,757
163657784007,Visible,724,810
163657801061,Visible,724,810
163657818119,Visible,763,852
163657835322,Visible,763,852
163657852408,Visible,788,896
163657869451,Visible,788,896
163657886393,Visible,807,941
163657903559,Visible,807,941
163657921372,Visible,815,972
163657938608,Visible,815,972
163657955714,Visible,815,972
163657972807,Visible,834,1009
163657989911,Visible,838,1026
163658007084,Visible,838,1026
163658024213,Visible,848,1053
163658041335,Visible,848,1053
163658058401,Visible,850,1060
163658075568,Visible,850,1060
163658092629,Visible,865,1047
163658109861,Visible,865,1047
163658127057,Visible,898,1028
163658144268,Visible,898,1028
163658161387,Visible,933,1015
163658178578,Visible,933,1015
163658195523,Visible,978,964
163658212817,Visible,1039,908
163658230170,Visible,1039,908
163658247517,Visible,1087,854
163658264786,Visible,1087,854
163658281936,Visible,1137,805
163658298895,Visible,1137,805
163658316025,Visible,1137,805
163658333147,Visible,1218,748
163658350435,Visible,1218,748
163658367608,Visible,1300,729
163658384646,Visible,1300,729
163658401612,Visible,1382,695
163658418954,Visible,1452,683
163658436282,Visible,1452,683
163658453466,Visible,1508,674
163658470406,Visible,1508,674
163658487521,Visible,1562,670
163658504922,Visible,1562,670
163658522134,Visible,1546,689
163658539274,Visible,1546,689
163658556508,Visible,1501,710
163658573713,Visible,1501,710
163658591099,Visible,1487,759
163658608254,Visible,1487,759
163658625478,Visible,1432,813
163658642545,Visible,1432,813
163658659745,Visible,1432,813
163658677051,Visible,1327,901
163658694288,Visible,1262,940
163658711274,Visible,1262,940
163658728302,Visible,1200,962
163658745299,Visible,1200,962
163658762493,Visible,1138,1003
163658779644,Visible,1138,1003
163658796801,Visible,1073,1024
163658814167,Visible,1073,1024
163658831385,Visible,1014,1039
163658848624,Visible,1014,1039
163658865639,Visible,949,1049
163658882858,Visible,899,1064
163658900237,Visible,899,1064
163658917610,Visible,869,1077
163658935003,Visible,869,1077
163658952061,Visible,785,1078
163658969098,Visible,785,1078
163658986303,Visible,651,1079
163659003175,Visible,651,1079
163659020347,Visible,651,1079
163659037470,Visible,521,1079
163659054545,Visible,521,1079
163659071826,Visible,441,1079
163659089207,Visible,441,1079
163659106296,Visible,387,1079
163659123752,Visible,353,1079
163659140764,Visible,353,1079
163659157922,Visible,291,1079
163659174928,Visible,291,1079
163659192134,Visible,261,1079
163659209002,Visible,261,1079
163659226120,Visible,240,1079
163659243566,Visible,240,1079
163659260798,Visible,229,1079
163659278103,Visible,229,1079
163659295177,Visible,234,1076
163659312220,Visible,234,1076
163659329342,Visible,241,1063
163659346528,Visible,241,1063
163659363721,Visible,241,1063
163659381073,Visible,255,1049
163659398207,Visible,259,1036
163659415097,Visible,259,1036
163659432299,Visible,260,1030
163659449605,Visible,260,1030
163659466726,Visible,263,1024
163659484060,Visible,263,1024
163659501463,Visible,265,1017
163659518656,Visible,265,1017
163659536040,Visible,268,1010
163659553253,Visible,268,1010
163659570568,Visible,274,1011
163659587666,Visible,276,1006
163659604755,Visible,276,1006
163659622111,Visible,280,1003
163659639013,Visible,280,1003
163659656238,Visible,288,1001
163659673421,Visible,288,1001
163659690641,Visible,294,997
163659707604,Visible,294,997
163659725054,Visible,294,997
163659742184,Visible,311,1001
163659759282,Visible,311,1001
163659776382,Visible,315,998
163659793643,Visible,320,993
163659810731,Visible,320,993
163659827996,Visible,324,989
163659844815,Visible,324,989
163659861992,Visible,330,977
163659879269,Visible,330,977
163659896451,Visible,343,963
163659913343,Visible,343,963
163659930623,Visible,350,945
163659947861,Visible,350,945
163659964909,Visible,355,924
163659981818,Visible,355,924
163659999212,Visible,357,906
163700016363,Visible,357,906
163700033508,Visible,423,883
163700050448,Visible,423,883
163700067874,Visible,522,869
163700084991,Visible,522,869
163700102412,Visible,573,872
163700119783,Visible,573,872
163700136892,Visible,631,876
163700154085,Visible,631,876
163700171262,Visible,684,876
163700188322,Visible,684,876
163700205539,Visible,821,870
163700222502,Visible,821,870
163700239845,Visible,1213,864
163700257093,Visible,1213,864
163700274561,Visible,1309,868
163700291748,Visible,1406,873
163700308662,Visible,1406,873
163700325480,Visible,1473,876
163700342831,Visible,1473,876
163700360288,Visible,1517,896
163700377439,Visible,1517,896
163700394495,Visible,1543,914
163700411604,Visible,1543,914
163700428540,Visible,1543,914
163700445676,Visible,1564,932
163700462942,Visible,1564,932
163700480255,Visible,1577,942
163700497468,Visible,1579,951
163700514524,Visible,1579,951
163700531767,Visible,1596,949
163700548734,Visible,1596,949
163700566076,Visible,1610,944
163700583499,Visible,1610,944
163700600568,Visible,1631,942
163700617523,Visible,1631,942
163700634735,Visible,1646,946
163700651934,Visible,1646,946
163700669110,Visible,1661,950
163700686001,Visible,1661,950
163700703085,Visible,1676,952
163700720310,Visible,1676,952
163700737272,Visible,1683,950
163700754334,Visible,1683,950
163700771552,Visible,1683,950
163700789048,Visible,1691,953
163700806261,Visible,1693,953
163700823279,Visible,1693,953
163700840577,Visible,1693,951
163700857556,Visible,1693,951
163700874802,Visible,1694,950
163700891948,Visible,1694,950
163700908864,Visible,1698,948
163700926228,Visible,1698,948
163700943412,Visible,1704,945
163700960667,Visible,1704,945
163700978077,Visible,1715,946
163700995310,Visible,1716,942
163701012294,Visible,1716,942
163701029455,Visible,1727,940
163701046522,Visible,1727,940
163701063735,Visible,1729,943
163701080673,Visible,1729,943
163701097989,Visible,1736,944
163701115052,Visible,1736,944
163701132066,Visible,1736,944
163701149017,Visible,1733,951
163701166199,Visible,1733,951
163701183395,Visible,1734,955
163701200424,Visible,1734,955
163701217833,Visible,1731,956
163701235101,Visible,1725,960
163701252189,Visible,1725,960
163701269125,Visible,1702,958
163701286140,Visible,1702,958
163701303251,Visible,1613,929
163701320518,Visible,1613,929
163701337584,Visible,1501,895
163701354626,Visible,1501,895
163701371837,Visible,1389,850
163701389204,Visible,1389,850
163701406668,Visible,1257,789
163701424019,Visible,1257,789
163701441314,Visible,1171,738
163701458282,Visible,1171,738
163701475302,Visible,1106,730
163701492580,Visible,1106,730
163701509763,Visible,1075,717
163701527063,Visible,1075,717
163701544427,Visible,1052,718
163701561575,Visible,1052,718
163701578518,Visible,1047,709
163701595659,Visible,1047,709
163701613073,Visible,1028,698
163701630424,Visible,1028,698
163701647607,Visible,997,673
163701664528,Visible,997,673
163701681585,Visible,967,642
163701698677,Visible,937,625
163701715998,Visible,937,625
163701733242,Visible,902,608
163701750410,Visible,902,608
163701767644,Visible,867,588
163701784772,Visible,867,588
163701801748,Visible,695,551
163701818865,Visible,695,551
163701836059,Visible,695,551
163701853330,Visible,537,471
163701870460,Visible,537,471
163701887795,Visible,474,448
163701904949,Visible,474,448
163701922268,Visible,417,421
163701939498,Visible,391,394
163701956810,Visible,391,394
163701974305,Visible,372,350
163701991618,Visible,372,350
163702008698,Visible,364,326
163702025765,Visible,364,326
163702042702,Visible,355,280
163702059656,Visible,355,280
163702076763,Visible,341,267
163702093912,Visible,341,267
163702111265,Visible,336,260
163702128585,Visible,336,260
163702145917,Visible,338,270
163702163162,Visible,338,270
163702180470,Visible,339,266
163702197310,Visible,339,266
163702214293,Visible,337,261
163702231250,Visible,337,261
163702248615,Visible,341,256
163702265871,Visible,341,256
163702283161,Visible,342,249
163702300711,Visible,342,249
163702318385,Visible,343,242
163702335660,Visible,343,242
163702353070,Visible,341,232
163702370272,Visible,341,232
163702387630,Visible,333,223
163702405329,Visible,326,211
163702422689,Visible,326,211
163702439715,Visible,319,209
163702456735,Visible,319,209
163702473859,Visible,308,198
163702491323,Visible,308,198
163702508558,Visible,285,185
163702526086,Visible,285,185
163702543236,Visible,285,185
163702560559,Visible,273,186
163702577793,Visible,273,186
163702594808,Visible,262,186
163702612019,Visible,245,190
163702629301,Visible,245,190
163702646490,Visible,234,193
163702663898,Visible,234,193
163702681005,Visible,225,195
163702698297,Visible,225,195
163702715333,Visible,217,203
163702732535,Visible,217,203
163702749759,Visible,242,554
163702766805,Visible,242,554
163702783849,Visible,242,553
163702800929,Visible,241,553
163702818085,Visible,241,553
163702835559,Visible,241,553
163702852415,Visible,241,553
163702869606,Visible,241,553
163702886548,Visible,241,553
163702903953,Visible,241,553
163702921407,Visible,254,524
163702938462,Visible,254,524
163702955566,Visible,266,478
163702972755,Visible,266,478
163702989889,Visible,281,443
163703006834,Visible,281,443
163703023892,Visible,292,394
163703041253,Visible,292,394
163703058311,Visible,304,334
163703075548,Visible,318,295
163703092419,Visible,318,295
163703109636,Visible,347,274
163703126898,Visible,347,274
163703144177,Visible,391,243
163703161293,Visible,391,243
163703178538,Visible,426,229
163703195978,Visible,426,229
163703213092,Visible,461,220
163703230053,Visible,461,220
163703247334,Visible,461,220
163703264440,Visible,488,203
163703281637,Visible,515,206
163703299159,Visible,515,206
163703316852,Visible,562,201
163703334238,Visible,562,201
163703351315,Visible,590,199
163703368453,Visible,590,199
163703385638,Visible,607,200
163703402509,Visible,607,200
163703419657,Visible,609,199
163703437010,Visible,609,199
163703454040,Visible,587,203
163703470998,Visible,587,203
163703488052,Visible,577,201
163703505276,Visible,566,204
163703522432,Visible,566,204
163703539750,Visible,542,205
163703557232,Visible,542,205
163703574530,Visible,542,205
163703592140,Visible,514,207
163703609075,Visible,514,207
163703626604,Visible,495,207
163703643989,Visible,495,207
163703661150,Visible,470,207
163703678245,Visible,470,207
163703695233,Visible,444,209
163703712479,Visible,444,209
163703729667,Visible,434,210
163703747120,Visible,433,211
163703764254,Visible,433,211
163703781331,Visible,445,210
163703798807,Visible,445,210
163703816199,Visible,449,207
163703833051,Visible,449,207
163703850473,Visible,454,255
163703867593,Visible,454,255
163703884735,Visible,454,255
163703901770,Visible,454,255
163703919084,Visible,454,255
163703936302,Visible,454,255
163703953537,Visible,454,255
163703970554,Visible,454,254
163703987971,Visible,920,267
163704005093,Visible,920,267
163704022267,Visible,952,290
163704039647,Visible,952,290
163704056990,Visible,1014,297
163704074228,Visible,1014,297
163704091138,Visible,1068,306
163704108578,Visible,1068,306
163704125778,Visible,1107,314
163704142851,Visible,1107,314
163704159920,Visible,1146,316
163704177136,Visible,1146,316
163704194497,Visible,1157,318
163704211722,Visible,1175,317
163704228802,Visible,1175,317
163704245998,Visible,1194,312
163704263342,Visible,1194,312
163704280512,Visible,1194,312
163704297638,Visible,1198,301
163704314729,Visible,1198,301
163704332104,Visible,1209,296
163704349485,Visible,1209,296
163704366437,Visible,1197,297
163704383667,Visible,1197,297
163704400765,Visible,831,318
163704417785,Visible,810,338
163704434944,Visible,810,338
163704451984,Visible,783,353
163704469334,Visible,783,353
163704486818,Visible,705,372
163704504059,Visible,705,372
163704520882,Visible,588,387
163704538162,Visible,588,387
163704555286,Visible,476,397
163704572258,Visible,476,397
163704589187,Visible,374,402
163704606298,Visible,374,402
163704623580,Visible,306,411
163704640803,Visible,306,411
163704657916,Visible,306,411
163704675423,Visible,263,417
163704692555,Visible,239,418
163704709967,Visible,239,418
163704727188,Visible,232,422
163704744258,Visible,232,422
163704761336,Visible,251,434
163704778228,Visible,251,434
163704795429,Visible,273,441
163704812453,Visible,273,441
163704829619,Visible,285,445
163704846683,Visible,285,445
163704863662,Visible,302,450
163704880784,Visible,302,450
163704897654,Visible,342,455
163704914805,Visible,408,462
163704931912,Visible,408,462
163704949218,Visible,486,473
163704966590,Visible,486,473
163704983696,Visible,486,473
163705000900,Visible,596,483
163705018038,Visible,596,483
163705035550,Visible,652,487
163705052652,Visible,652,487
163705069903,Visible,713,490
163705087103,Visible,713,490
163705104304,Visible,748,494
163705121359,Visible,778,490
163705138383,Visible,778,490
163705155429,Visible,815,501
163705172596,Visible,815,501
163705189918,Visible,851,505
163705207379,Visible,851,505
163705224611,Visible,880,514
163705241488,Visible,880,514
163705258846,Visible,902,522
163705276122,Visible,902,522
163705293080,Visible,907,535
163705310107,Visible,907,535
163705327170,Visible,898,535
163705344454,Visible,898,535
163705361399,Visible,898,535
163705378558,Visible,883,537
163705395676,Visible,876,539
163705412895,Visible,876,539
163705430053,Visible,872,541
163705447373,Visible,872,541
163705464440,Visible,869,537
163705481411,Visible,869,537
163705498874,Visible,862,535
163705515965,Visible,862,535
163705533215,Visible,858,534
163705550728,Visible,858,534
163705568084,Visible,850,532
163705585214,Visible,851,531
163705602334,Visible,851,531
163705619350,Visible,851,529
163705636641,Visible,851,529
163705653737,Visible,851,527
163705671046,Visible,851,527
163705688225,Visible,851,527
163705705175,Visible,854,523
163705722191,Visible,854,523
163705739623,Visible,858,521
163705756573,Visible,858,521
163705773779,Visible,855,517
163705791178,Visible,855,517
163705808652,Visible,855,503
163705825780,Visible,856,496
163705843321,Visible,856,496
163705860568,Visible,862,493
163705877553,Visible,862,493
163705894954,Visible,868,492
163705912270,Visible,868,492
163705929522,Visible,873,493
163705946594,Visible,873,493
163705963546,Visible,885,491
163705980965,Visible,885,491
163705998091,Visible,903,489
163706015200,Visible,903,489
163706032519,Visible,911,488
163706049688,Visible,911,488
163706066936,Visible,911,488
163706084137,Visible,947,488
163706101362,Visible,958,488
163706118660,Visible,958,488
163706136019,Visible,963,489
163706153173,Visible,963,489
163706170198,Visible,968,489
163706187200,Visible,968,489
163706204299,Visible,976,489
163706221389,Visible,976,489
163706238657,Visible,992,489
163706255988,Visible,992,489
163706273399,Visible,1049,492
163706290584,Visible,1128,496
163706307491,Visible,1128,496
163706324639,Visible,1219,499
163706341898,Visible,1219,499
163706359570,Visible,1308,503
163706376576,Visible,1308,503
163706393545,Visible,1308,503
163706410938,Visible,1415,524
163706428037,Visible,1415,524
163706445411,Visible,1441,526
163706462596,Visible,1441,526
163706479974,Visible,1482,525
163706497188,Visible,1482,525
163706514469,Visible,1542,524
163706531559,Visible,1590,521
163706548577,Visible,1590,521
163706565600,Visible,1615,521
163706582626,Visible,1615,521
163706599928,Visible,1626,522
163706617062,Visible,1626,522
163706634138,Visible,1639,527
163706651601,Visible,1639,527
163706668722,Visible,1654,530
163706685959,Visible,1654,530
163706703130,Visible,1667,530
163706720477,Visible,1667,530
163706737733,Visible,1670,531
163706755157,Visible,1670,531
163706772250,Visible,1678,533
163706789575,Visible,1678,533
163706806750,Visible,1671,558
163706824157,Visible,1671,558
163706841121,Visible,1671,558
163706858549,Visible,1671,558
163706875681,Visible,1671,557
163706893130,Visible,1671,557
163706910300,Visible,1671,557
163706927517,Visible,1671,557
163706944799,Visible,1671,557
163706961755,Visible,1671,557
163706979311,Visible,1666,579
163706996560,Visible,1612,586
163707013554,Visible,1612,586
163707030909,Visible,905,587
163707048099,Visible,905,587
163707065320,Visible,881,525
163707082549,Visible,881,525
163707099966,Visible,881,525
163707117183,Visible,820,418
163707134307,Visible,820,418
163707151460,Visible,801,330
163707168486,Visible,801,330
163707185428,Visible,793,251
163707202558,Visible,789,226
163707219717,Visible,789,226
163707236932,Visible,795,212
163707254217,Visible,795,212
163707271196,Visible,790,203
163707288264,Visible,790,203
163707305199,Visible,727,216
163707322350,Visible,727,216
163707339723,Visible,649,235
163707356923,Visible,649,235
163707374551,Visible,571,249
163707392287,Visible,571,249
163707409257,Visible,492,255
163707426480,Visible,433,274
163707443710,Visible,433,274
163707460820,Visible,433,274
163707478011,Visible,340,291
163707495048,Visible,340,291
163707512089,Visible,301,305
163707529423,Visible,301,305
163707546541,Visible,279,318
163707564110,Visible,279,318
163707581203,Visible,278,330
163707598415,Visible,278,330
163707615714,Visible,267,343
163707632890,Visible,267,343
163707650171,Visible,264,351
163707667828,Visible,255,384
163707684861,Visible,255,384
163707702419,Visible,248,403
163707719913,Visible,248,403
163707737059,Visible,241,436
163707754219,Visible,241,436
163707771385,Visible,232,473
163707788768,Visible,232,473
163707805997,Visible,232,473
163707823212,Visible,221,510
163707840317,Visible,221,510
163707857731,Visible,218,523
163707874747,Visible,218,523
163707892045,Visible,215,564
163707908978,Visible,217,572
163707926128,Visible,217,572
163707943182,Visible,219,593
163707960530,Visible,219,593
163707977616,Visible,224,597
163707994829,Visible,224,597
163708011893,Visible,229,599
163708028924,Visible,229,599
163708045924,Visible,244,609
163708063089,Visible,244,609
163708080434,Visible,253,624
163708097703,Visible,263,633
163708115001,Visible,263,633
163708132196,Visible,270,645
163708149319,Visible,270,645
163708166640,Visible,270,645
163708184128,Visible,283,648
163708201232,Visible,283,648
163708218426,Visible,289,655
163708235716,Visible,289,655
163708252935,Visible,298,669
163708269820,Visible,298,669
163708287091,Visible,306,691
163708304267,Visible,306,691
163708321183,Visible,313,702
163708338388,Visible,316,708
163708355583,Visible,316,708
163708372618,Visible,327,706
163708390092,Visible,327,706
163708407499,Visible,338,696
163708424884,Visible,338,696
163708442094,Visible,353,692
163708459119,Visible,353,692
163708476208,Visible,365,686
163708493167,Visible,365,686
163708510396,Visible,365,686
163708527549,Visible,392,670
163708544690,Visible,392,670
163708561829,Visible,399,659
163708579128,Visible,404,650
163708596355,Visible,404,650
163708613290,Visible,412,636
163708630786,Visible,412,636
163708647995,Visible,408,618
163708665258,Visible,408,618
163708682405,Visible,403,591
163708700009,Visible,403,591
163708717032,Visible,398,559
163708734557,Visible,398,559
163708751595,Visible,396,519
163708768902,Visible,396,519
163708786022,Visible,393,492
163708803044,Visible,393,492
163708820085,Visible,389,460
163708837257,Visible,384,459
163708854328,Visible,384,459
163708871532,Visible,384,459
163708888932,Visible,377,447
163708905967,Visible,377,447
163708923063,Visible,370,443
163708940324,Visible,370,443
163708957424,Visible,359,435
163708974535,Visible,359,435
163708991553,Visible,354,429
163709008805,Visible,354,429
163709026143,Visible,350,433
163709043348,Visible,346,433
163709060614,Visible,346,433
163709077810,Visible,335,437
163709094859,Visible,335,437
163709112096,Visible,328,438
163709129391,Visible,328,438
163709146337,Visible,321,437
163709163304,Visible,321,437
163709180429,Visible,306,437
163709197358,Visible,306,437
163709214879,Visible,306,437
163709232235,Visible,305,431
163709249347,Visible,305,431
163709266441,Visible,297,419
163709284055,Visible,290,410
163709301330,Visible,290,410
163709318732,Visible,282,393
163709335884,Visible,282,393
163709353054,Visible,275,386
163709370389,Visible,275,386
163709387559,Visible,269,379
163709404695,Visible,269,379
163709422138,Visible,273,388
163709439213,Visible,273,388
163709456667,Visible,284,403
163709473771,Visible,309,426
163709491229,Visible,309,426
163709508426,Visible,332,459
163709525648,Visible,332,459
163709542743,Visible,351,498
163709560059,Visible,351,498
163709577349,Visible,351,498
163709594554,Visible,374,540
163709611875,Visible,374,540
163709629081,Visible,381,558
163709646489,Visible,381,558
163709663918,Visible,385,587
163709681064,Visible,385,602
163709698079,Visible,385,602
163709715113,Visible,387,608
163709732062,Visible,387,608
163709749155,Visible,388,623
163709766164,Visible,388,623
163709783479,Visible,385,633
163709800980,Visible,385,633
163709818323,Visible,387,634
163709835327,Visible,387,634
163709852564,Visible,392,634
163709869940,Visible,392,634
163709887082,Visible,402,638
163709904123,Visible,402,638
163709921361,Visible,402,638
163709938552,Visible,419,638
163709955951,Visible,440,639
163709973007,Visible,440,639
163709990201,Visible,458,638
163710007468,Visible,458,638
163710024549,Visible,483,636
163710041896,Visible,483,636
163710059176,Visible,513,632
163710076507,Visible,513,632
163710093547,Visible,542,629
163710110473,Visible,542,629
163710128179,Visible,569,627
163710145402,Visible,569,627
163710162489,Visible,601,625
163710179733,Visible,623,624
163710196586,Visible,623,624
163710213758,Visible,631,623
163710230828,Visible,631,623
163710248080,Visible,649,622
163710265515,Visible,649,622
163710282549,Visible,649,622
163710299800,Visible,680,621
163710316986,Visible,680,621
163710334027,Visible,710,620
163710351263,Visible,710,620
163710368638,Visible,733,618
163710385746,Visible,730,631
163710402751,Visible,730,631
163710420381,Visible,716,702
163710437784,Visible,716,702
163710454668,Visible,715,802
163710472069,Visible,715,802
163710488960,Visible,715,881
163710506333,Visible,715,881
163710523605,Visible,711,941
163710540535,Visible,711,941
163710558093,Visible,702,978
163710575297,Visible,702,978
163710592202,Visible,688,1007
163710609560,Visible,688,1007
163710626582,Visible,688,1007
163710643601,Visible,669,1035
163710660587,Visible,661,998
163710677945,Visible,661,998
163710695367,Visible,653,199
163710712517,Visible,653,199
163710729613,Visible,697,198
163710746800,Visible,697,198
163710764157,Visible,742,197
163710781204,Visible,742,197
163710798155,Visible,797,201
163710815245,Visible,797,201
163710832480,Visible,849,199
163710849915,Visible,868,198
163710866935,Visible,868,198
163710884432,Visible,902,195
163710901283,Visible,902,195
163710918455,Visible,927,192
163710935281,Visible,927,192
163710952705,Visible,962,192
163710970244,Visible,962,192
163710987540,Visible,962,192
163711004819,Visible,1002,192
163711021660,Visible,1002,192
163711038858,Visible,1013,189
163711056261,Visible,1013,189
163711073382,Visible,1046,184
163711090224,Visible,1046,184
163711107113,Visible,1070,186
163711124172,Visible,1079,186
163711141589,Visible,1079,186
163711158875,Visible,1081,205
163711176146,Visible,1081,205
163711193253,Visible,1066,274
163711210431,Visible,1066,274
163711227669,Visible,1028,365
163711245132,Visible,1028,365
163711262310,Visible,961,441
163711279269,Visible,961,441
163711296586,Visible,881,500
163711313826,Visible,881,500
163711330762,Visible,881,500
163711347667,Visible,493,535
163711364778,Visible,448,539
163711382076,Visible,448,539
163711399503,Visible,402,546
163711416540,Visible,402,546
163711434027,Visible,377,551
163711451095,Visible,377,551
163711468350,Visible,359,549
163711485642,Visible,359,549
163711502697,Visible,344,548
163711519748,Visible,344,548
163711536955,Visible,325,548
163711554233,Visible,331,567
163711571129,Visible,331,567
163711588611,Visible,332,587
163711605743,Visible,332,587
163711622658,Visible,337,610
163711640101,Visible,337,610
163711657214,Visible,336,635
163711674441,Visible,336,635
163711691660,Visible,336,635
163711708745,Visible,338,658
163711726202,Visible,338,658
163711743291,Visible,338,683
163711760281,Visible,338,683
163711777505,Visible,340,702
163711794691,Visible,340,724
163711811961,Visible,340,724
163711829106,Visible,340,743
163711846268,Visible,340,743
163711863549,Visible,337,763
163711880910,Visible,337,763
163711898066,Visible,333,793
163711915058,Visible,333,793
163711932207,Visible,330,807
163711949472,Visible,330,807
163711966906,Visible,323,814
163711984258,Visible,323,814
163712001439,Visible,318,812
163712018488,Visible,318,812
163712035584,Visible,318,812
163712052720,Visible,317,799
163712069887,Visible,318,798
163712086860,Visible,318,798
163712104090,Visible,320,799
163712121063,Visible,320,799
163712138147,Visible,323,795
163712155530,Visible,323,795
163712172494,Visible,323,794
163712189564,Visible,323,794
163712206713,Visible,324,793
163712223782,Visible,324,793
163712240995,Visible,331,791
163712258248,Visible,334,784
163712275093,Visible,334,784
163712292141,Visible,338,773
163712309288,Visible,338,773
163712326457,Visible,358,785
163712343775,Visible,358,785
163712361055,Visible,357,785
163712378565,Visible,357,785
163712395802,Visible,357,785
163712413062,Visible,357,784
163712430545,Visible,357,784
163712447853,Visible,356,784
163712465190,Visible,356,784
163712482267,Visible,379,800
163712499611,Visible,399,798
163712517107,Visible,399,798
163712534386,Visible,405,792
163712551696,Visible,405,792
163712568910,Visible,413,778
163712586240,Visible,413,778
163712603436,Visible,425,750
163712620297,Visible,425,750
163712637440,Visible,427,691
163712654622,Visible,427,691
163712671948,Visible,426,677
163712689333,Visible,426,677
163712706560,Visible,421,638
163712723962,Visible,421,638
163712741176,Visible,421,638
163712758419,Visible,418,606
163712775546,Visible,416,557
163712792743,Visible,416,557
163712809742,Visible,410,482
163712826745,Visible,410,482
163712843995,Visible,405,408
163712861303,Visible,405,408
163712878373,Visible,384,336
163712895623,Visible,384,336
163712912839,Visible,372,326
163712929921,Visible,362,341
163712946925,Visible,362,341
163712964237,Visible,348,377
163712981264,Visible,348,377
163712998645,Visible,327,396
163713015585,Visible,327,396
163713033102,Visible,317,464
163713050627,Visible,317,464
163713067683,Visible,313,525
163713084902,Visible,313,525
163713102282,Visible,313,525
163713119475,Visible,308,652
163713136610,Visible,300,739
163713154156,Visible,300,739
163713171209,Visible,300,739
163713188491,Visible,299,800
163713205649,Visible,296,846
163713222595,Visible,296,846
163713239509,Visible,299,887
163713256872,Visible,299,887
163713273946,Visible,299,911
163713291222,Visible,299,911
163713308335,Visible,306,918
163713325705,Visible,306,918
163713342820,Visible,308,932
163713360160,Visible,308,932
163713377615,Visible,314,950
163713394806,Visible,318,967
163713411991,Visible,318,967
163713429363,Visible,318,967
163713446558,Visible,329,976
163713463799,Visible,329,976
163713480824,Visible,349,981
163713497854,Visible,349,981
163713514918,Visible,402,982
163713532249,Visible,402,982
163713549600,Visible,443,981
163713566812,Visible,443,981
163713584040,Visible,518,971
163713601005,Visible,518,971
163713618097,Visible,631,961
163713635641,Visible,755,952
163713652809,Visible,755,952
163713670456,Visible,844,948
163713687316,Visible,844,948
163713704360,Visible,936,934
163713721540,Visible,936,934
163713738982,Visible,1015,922
163713756003,Visible,1015,922
163713772979,Visible,1047,914
163713790184,Visible,1047,914
163713807349,Visible,1047,914
163713824499,Visible,1193,864
163713841962,Visible,1259,824
163713858954,Visible,1259,824
163713876145,Visible,1325,796
163713893190,Visible,1325,796
163713910398,Visible,1364,768
163713927403,Visible,1364,768
163713944749,Visible,1403,753
163713961714,Visible,1403,753
163713978712,Visible,1421,759
163713995775,Visible,1421,759
163714012726,Visible,1465,767
163714029729,Visible,1465,767
163714047000,Visible,1496,770
163714063908,Visible,1496,770
163714081098,Visible,1537,770
163714098598,Visible,1560,765
163714115801,Visible,1560,765
163714132759,Visible,1560,765
163714150041,Visible,1600,763
163714167090,Visible,1600,763
163714184406,Visible,1600,766
163714201674,Visible,1600,766
163714218584,Visible,1598,769
163714235912,Visible,1598,769
163714253068,Visible,1596,773
163714270173,Visible,1596,773
163714287445,Visible,1601,774
163714304819,Visible,1604,779
163714322055,Visible,1604,779
163714339170,Visible,1604,779
163714356605,Visible,1608,785
163714373783,Visible,1619,790
163714390982,Visible,1619,790
163714408271,Visible,1628,804
163714425234,Visible,1628,804
163714442390,Visible,1640,816
163714459535,Visible,1640,816
163714476859,Visible,1650,836
163714494064,Visible,1650,836
163714511292,Visible,1650,836
163714528340,Visible,1665,845
163714545660,Visible,1665,845
163714563084,Visible,1678,845
163714580305,Visible,1697,847
163714597574,Visible,1697,847
163714614677,Visible,1700,846
163714631747,Visible,1700,846
163714649197,Visible,1712,852
163714666237,Visible,1712,852
163714683257,Visible,1718,860
163714700177,Visible,1718,860
163714717144,Visible,1727,866
163714734303,Visible,1727,866
163714751274,Visible,1727,860
163714768585,Visible,1727,860
163714785610,Visible,970,794
163714802960,Visible,852,196
163714820421,Visible,852,196
163714837642,Visible,852,196
163714854943,Visible,709,220
163714872071,Visible,709,220
163714889328,Visible,635,232
163714906682,Visible,635,232
163714924054,Visible,537,244
163714941158,Visible,537,244
163714958706,Visible,468,252
163714975919,Visible,468,252
163714993272,Visible,377,260
163715010370,Visible,324,263
163715027516,Visible,324,263
163715044625,Visible,314,264
163715061933,Visible,314,264
163715079322,Visible,282,266
163715096758,Visible,282,266
163715113902,Visible,255,267
163715131041,Visible,255,267
163715148275,Visible,214,269
163715165505,Visible,214,269
163715182648,Visible,203,268
163715199888,Visible,203,268
163715217226,Visible,203,268
163715234671,Visible,173,266
163715252043,Visible,147,264
163715269380,Visible,147,264
163715286688,Visible,159,262
163715303777,Visible,159,262
163715320882,Visible,151,260
163715337907,Visible,151,260
163715354826,Visible,135,260
163715371908,Visible,135,260
163715388934,Visible,126,253
163715406275,Visible,126,253
163715423328,Visible,123,247
163715440320,Visible,123,247
163715457638,Visible,115,240
163715474743,Visible,106,227
163715492169,Visible,106,227
163715509378,Visible,108,213
163715526441,Visible,108,213
163715543825,Visible,108,213
163715561323,Visible,118,200
163715578573,Visible,118,200
163715595479,Visible,135,190
163715612522,Visible,135,190
163715629969,Visible,168,186
163715647004,Visible,168,186
163715663929,Visible,217,180
163715681117,Visible,217,180
163715698443,Visible,276,176
163715715680,Visible,324,174
163715732916,Visible,324,174
163715750131,Visible,389,170
163715767063,Visible,389,170
163715784590,Visible,462,167
163715801474,Visible,462,167
163715818563,Visible,542,160
163715835727,Visible,542,160
163715852932,Visible,607,146
163715870225,Visible,607,146
163715887290,Visible,661,148
163715904578,Visible,661,148
163715921970,Visible,661,148
163715939269,Visible,725,145
163715956438,Visible,756,139
163715973253,Visible,756,139
163715990294,Visible,752,133
163716007558,Visible,752,133
163716024593,Visible,753,126
163716041735,Visible,753,126
163716059312,Visible,738,116
163716076543,Visible,738,116
163716093741,Visible,765,120
163716110841,Visible,765,120
163716128113,Visible,1420,105
163716145271,Visible,1420,105
163716162504,Visible,1434,108
163716179601,Visible,1446,109
163716197093,Visible,1446,109
163716214345,Visible,1447,109
163716231545,Visible,1447,109
163716248708,Visible,1447,109
163716265848,Visible,1450,111
163716283311,Visible,1450,111
163716300681,Visible,1456,112
163716317849,Visible,1456,112
163716335032,Visible,1478,112
163716352225,Visible,1478,112
163716369563,Visible,1503,113
163716386753,Visible,1530,114
163716403587,Visible,1530,114
163716420823,Visible,1552,114
163716437797,Visible,1552,114
163716454905,Visible,1568,116
163716472131,Visible,1568,116
163716489281,Visible,1545,123
163716506975,Visible,1545,123
163716524094,Visible,1522,156
163716541351,Visible,1522,156
163716558367,Visible,1450,219
163716575390,Visible,1450,219
163716592403,Visible,1370,268
163716609420,Visible,1370,268
163716626441,Visible,1370,268
163716643447,Visible,1268,311
163716660503,Visible,1230,344
163716677590,Visible,1230,344
163716694720,Visible,1189,370
163716711885,Visible,1189,370
163716729112,Visible,1160,394
163716746093,Visible,1160,394
163716763384,Visible,1123,404
163716780702,Visible,1123,404
163716797812,Visible,1092,413
163716814799,Visible,1092,413
163716831849,Visible,1073,407
163716849358,Visible,1116,391
163716866672,Visible,1116,391
163716883882,Visible,1149,371
163716901101,Visible,1149,371
163716918516,Visible,1149,371
163716935570,Visible,1253,327
163716952708,Visible,1253,327
163716970091,Visible,1388,286
163716987119,Visible,1388,286
163717004240,Visible,1451,254
163717021373,Visible,1451,254
163717038452,Visible,1499,221
163717055688,Visible,1499,221
163717073171,Visible,1561,202
163717090340,Visible,1603,191
163717107235,Visible,1603,191
163717124621,Visible,1646,179
163717141591,Visible,1646,179
163717158630,Visible,1692,169
163717175922,Visible,1692,169
163717193112,Visible,1722,160
163717210155,Visible,1722,160
163717227295,Visible,1733,155
163717244246,Visible,1733,155
163717261580,Visible,960,185
163717278657,Visible,960,185
163717295855,Visible,617,200
163717313071,Visible,617,200
163717330126,Visible,617,200
163717347042,Visible,508,210
163717364447,Visible,441,228
163717381759,Visible,441,228
163717399112,Visible,375,250
163717416293,Visible,375,250
163717433707,Visible,316,295
163717450912,Visible,316,295
163717468025,Visible,372,299
163717485051,Visible,372,299
163717502493,Visible,1403,273
163717520034,Visible,1403,273
163717537422,Visible,1434,269
163717554782,Visible,1459,262
163717571929,Visible,1459,262
163717588961,Visible,1494,258
163717605947,Visible,1494,258
163717623089,Visible,1555,254
163717640087,Visible,1555,254
163717657074,Visible,1555,254
163717674120,Visible,1615,251
163717691399,Visible,1615,251
163717708432,Visible,1650,249
163717725678,Visible,1650,249
163717742707,Visible,1687,249
163717760215,Visible,1687,249
163717777354,Visible,1721,243
163717794655,Visible,1750,236
163717811711,Visible,1750,236
163717828893,Visible,1752,226
163717845813,Visible,1752,226
163717863012,Visible,1743,210
163717880023,Visible,1743,210
163717897421,Visible,1742,203
163717914556,Visible,1742,203
163717931724,Visible,1737,198
163717948768,Visible,1737,198
163717966050,Visible,1738,191
163717983296,Visible,1738,191
163718000653,Visible,1734,184
163718017732,Visible,1734,184
163718034924,Visible,1734,184
163718052201,Visible,1734,184
163718069305,Visible,1735,184
163718086506,Visible,1735,184
163718103805,Visible,1733,185
163718120755,Visible,1733,185
163718137712,Visible,1730,183
163718155228,Visible,1730,183
163718172423,Visible,1718,184
163718189258,Visible,1718,184
163718206344,Visible,1704,186
163718223574,Visible,1704,186
163718240721,Visible,1690,186
163718257876,Visible,1677,187
163718274908,Visible,1677,187
163718292075,Visible,1651,188
163718309056,Visible,1651,188
163718326335,Visible,1647,187
163718343563,Visible,1647,187
163718360787,Visible,1647,187
163718377986,Visible,1629,189
163718395244,Visible,1629,189
163718412891,Visible,1613,189
163718430186,Visible,1613,189
163718447324,Visible,1609,187
163718464629,Visible,1609,187
163718481680,Visible,1616,184
163718498879,Visible,1620,170
163718516094,Visible,1620,170
163718533346,Visible,1622,161
163718550311,Visible,1622,161
163718567424,Visible,1626,162
163718584547,Visible,1626,162
163718601817,Visible,1632,160
163718618779,Visible,1632,160
163718635964,Visible,1639,162
163718653088,Visible,1639,162
163718670223,Visible,1651,163
163718687249,Visible,1651,163
163718704451,Visible,1653,165
163718721717,Visible,1653,165
163718738980,Visible,1653,165
163718756041,Visible,594,207
163718773188,Visible,553,207
163718790388,Visible,553,207
163718807370,Visible,492,212
163718824762,Visible,492,212
163718841907,Visible,450,215
163718859087,Visible,450,215
163718876141,Visible,421,220
163718893413,Visible,421,220
163718910637,Visible,382,229
163718927853,Visible,382,229
163718944901,Visible,350,243
163718962110,Visible,315,266
163718979008,Visible,315,266
163718996092,Visible,304,284
163719013484,Visible,304,284
163719030661,Visible,283,296
163719047836,Visible,283,296
163719065360,Visible,283,296
163719082655,Visible,293,302
163719099845,Visible,293,302
163719116860,Visible,310,316
163719133920,Visible,310,316
163719151081,Visible,356,356
163719168438,Visible,356,356
163719185835,Visible,401,379
163719202997,Visible,461,412
163719220169,Visible,461,412
163719237873,Visible,511,436
163719254933,Visible,511,436
163719272080,Visible,551,470
163719289390,Visible,551,470
163719306587,Visible,610,490
163719323498,Visible,610,490
163719340389,Visible,652,505
163719357725,Visible,652,505
163719374793,Visible,699,522
163719391941,Visible,699,522
163719409058,Visible,737,533
163719426388,Visible,737,533
163719443516,Visible,788,556
163719460794,Visible,788,556
163719477989,Visible,827,553
163719495013,Visible,827,553
163719512186,Visible,886,554
163719529118,Visible,886,554
163719546344,Visible,923,562
163719563536,Visible,923,562
163719580453,Visible,960,567
163719597862,Visible,960,567
163719615229,Visible,1005,571
163719632379,Visible,1005,571
163719649378,Visible,1056,570
163719666364,Visible,1121,575
163719683571,Visible,1121,575
163719700675,Visible,1170,570
163719717875,Visible,1170,570
163719734963,Visible,1210,570
163719751994,Visible,1210,570
163719769211,Visible,1210,570
163719786312,Visible,1286,565
163719803745,Visible,1286,565
163719820917,Visible,1339,564
163719838018,Visible,1339,564
163719855203,Visible,1388,563
163719872312,Visible,1388,563
163719889574,Visible,1409,562
163719906593,Visible,1358,544
163719923573,Visible,1358,544
163719940966,Visible,671,554
163719958046,Visible,671,554
163719975203,Visible,655,546
163719992420,Visible,655,546
163720009531,Visible,608,540
163720026713,Visible,608,540
163720043834,Visible,547,520
163720061065,Visible,547,520
163720078116,Visible,506,492
163720095130,Visible,506,492
163720112057,Visible,474,469
163720129473,Visible,474,469
163720146556,Visible,474,469
163720163641,Visible,438,442
163720181120,Visible,407,427
163720198075,Visible,407,427
163720215157,Visible,390,412
163720232508,Visible,390,412
163720249828,Visible,378,396
163720267293,Visible,378,396
163720284537,Visible,372,390
163720301844,Visible,372,390
163720319086,Visible,369,380
163720336245,Visible,369,380
163720353581,Visible,365,379
163720370779,Visible,366,383
163720388050,Visible,366,383
163720405161,Visible,363,385
163720422534,Visible,363,385
163720439566,Visible,359,390
163720456585,Visible,359,390
163720473611,Visible,359,390
163720490620,Visible,360,390
163720507645,Visible,360,390
163720524789,Visible,361,389
163720542208,Visible,361,389
163720559357,Visible,361,389
163720576890,Visible,361,389
163720593895,Visible,361,388
163720610987,Visible,360,389
163720628312,Visible,360,389
163720645598,Visible,360,388
163720662821,Visible,360,388
163720680012,Visible,386,413
163720696895,Visible,386,413
163720714142,Visible,430,448
163720731287,Visible,430,448
163720748553,Visible,442,461
163720765541,Visible,442,461
163720782965,Visible,439,466
163720800132,Visible,439,466
163720817110,Visible,435,470
163720834220,Visible,435,470
163720851688,Visible,422,483
163720868845,Visible,422,483
163720885877,Visible,416,487
163720903268,Visible,416,487
163720920690,Visible,404,502
163720937809,Visible,404,502
163720955384,Visible,392,513
163720972521,Visible,392,513
163720989731,Visible,385,518
163721006872,Visible,385,518
163721023928,Visible,379,524
163721041039,Visible,369,535
163721058101,Visible,369,535
163721075273,Visible,356,550
163721092688,Visible,356,550
163721110243,Visible,358,566
163721127357,Visible,358,566
163721144166,Visible,360,565
163721161212,Visible,360,565
163721178317,Visible,360,565
163721195427,Visible,360,569
163721212540,Visible,360,569
163721229953,Visible,357,574
163721247080,Visible,357,574
163721264343,Visible,358,574
163721281755,Visible,359,576
163721298842,Visible,359,576
163721316191,Visible,355,579
163721333347,Visible,355,579
163721350366,Visible,355,581
163721367576,Visible,355,581
163721384925,Visible,356,577
163721401941,Visible,356,577
163721418874,Visible,356,577
163721436195,Visible,356,577
163721453359,Visible,356,580
163721470323,Visible,356,580
163721487239,Visible,360,581
163721504249,Visible,360,581
163721521561,Visible,382,580
163721538674,Visible,382,580
163721555769,Visible,444,576
163721573487,Visible,444,576
163721590461,Visible,496,572
163721607412,Visible,496,572
163721624479,Visible,546,570
163721641575,Visible,546,570
163721658503,Visible,603,566
163721675627,Visible,603,566
163721692588,Visible,645,565
163721709610,Visible,645,565
163721726824,Visible,672,566
163721744021,Visible,672,566
163721761036,Visible,705,568
163721778205,Visible,715,570
163721795676,Visible,715,570
163721813308,Visible,694,572
163721830616,Visible,694,572
163721847782,Visible,680,582
163721864817,Visible,680,582
163721882027,Visible,680,582
163721899086,Visible,671,598
163721916535,Visible,671,598
163721933856,Visible,646,606
163721951211,Visible,646,606
163721968278,Visible,618,615
163721985527,Visible,618,615
163722002496,Visible,563,624
163722019420,Visible,525,644
163722036811,Visible,525,644
163722053934,Visible,483,664
163722071190,Visible,483,664
163722088171,Visible,456,680
163722105587,Visible,456,680
163722122652,Visible,435,699
163722139916,Visible,435,699
163722156854,Visible,413,707
163722174038,Visible,413,707
163722190996,Visible,424,707
163722208093,Visible,424,707
163722225081,Visible,424,707
163722242590,Visible,439,701
163722259954,Visible,455,700
163722277284,Visible,455,700
163722294462,Visible,478,696
163722311534,Visible,478,696
163722328820,Visible,517,691
163722345902,Visible,517,691
163722363160,Visible,566,685
163722380444,Visible,566,685
163722397657,Visible,601,680
163722414835,Visible,601,680
163722431843,Visible,659,678
163722449274,Visible,702,675
163722466564,Visible,702,675
163722483925,Visible,757,673
163722500904,Visible,757,673
163722517751,Visible,806,669
163722535249,Visible,806,669
163722552476,Visible,839,663
163722569554,Visible,839,663
163722587059,Visible,839,663
163722604562,Visible,888,652
163722621752,Visible,888,652
163722639192,Visible,908,647
163722656339,Visible,908,647
163722673593,Visible,937,642
163722690563,Visible,964,638
163722707477,Visible,964,638
163722724670,Visible,985,637
163722742027,Visible,985,637
163722759051,Visible,1004,631
163722776272,Visible,1004,631
163722793445,Visible,1017,617
163722810577,Visible,1017,617
163722827689,Visible,1030,604
163722844785,Visible,1030,604
163722861902,Visible,1035,574
163722879120,Visible,1035,574
163722896336,Visible,1041,539
163722913329,Visible,1041,539
163722930368,Visible,1041,539
163722947920,Visible,1043,524
163722964986,Visible,1052,511
163722982414,Visible,1052,511
163722999847,Visible,1057,506
163723017073,Visible,1057,506
163723034283,Visible,1055,509
163723051626,Visible,1055,509
163723068677,Visible,1053,502
163723085929,Visible,1053,502
163723103001,Visible,1056,493
163723120515,Visible,1056,493
163723137755,Visible,1056,487
163723154767,Visible,1056,487
163723172074,Visible,1054,473
163723189135,Visible,1048,465
163723206390,Visible,1048,465
163723223378,Visible,1040,457
163723240781,Visible,1040,457
163723257950,Visible,1029,450
163723275188,Visible,1029,450
163723292236,Visible,1029,450
163723309331,Visible,1004,452
163723326636,Visible,1004,452
163723343671,Visible,983,449
163723360830,Visible,983,449
163723378047,Visible,951,448
163723395577,Visible,921,445
163723412825,Visible,921,445
163723429904,Visible,892,450
163723447090,Visible,892,450
163723464239,Visible,884,451
163723481296,Visible,884,451
163723498395,Visible,904,452
163723515596,Visible,904,452
163723532641,Visible,913,452
163723549846,Visible,913,452
163723566948,Visible,937,448
163723584169,Visible,937,448
163723601894,Visible,970,447
163723618924,Visible,970,447
163723636452,Visible,1031,439
163723653483,Visible,1031,439
163723670628,Visible,1066,436
163723687712,Visible,1066,436
163723704755,Visible,1112,434
163723721937,Visible,1112,434
163723739214,Visible,1141,435
163723756295,Visible,1141,435
163723773577,Visible,1167,436
163723790592,Visible,1167,436
163723807838,Visible,1184,436
163723825224,Visible,1184,436
163723842379,Visible,1202,436
163723859407,Visible,1218,441
163723876606,Visible,1218,441
163723893793,Visible,1242,447
163723910699,Visible,1242,447
163723927663,Visible,1277,456
163723945082,Visible,1277,456
163723962204,Visible,1300,465
163723979306,Visible,1300,465
163723996625,Visible,1300,465
163724013725,Visible,1340,460
163724030621,Visible,1340,460
163724047846,Visible,1364,456
163724065257,Visible,1398,445
163724082195,Visible,1398,445
163724099466,Visible,1426,426
163724116586,Visible,1426,426
163724133827,Visible,1463,399
163724151024,Visible,1463,399
163724168245,Visible,1492,358
163724185495,Visible,1492,358
163724202694,Visible,1510,321
163724219735,Visible,1510,321
163724236881,Visible,1528,303
163724254370,Visible,1528,303
163724271471,Visible,1550,276
163724288662,Visible,1550,276
163724305719,Visible,1561,246
163724322841,Visible,1561,246
163724339958,Visible,1561,246
163724356996,Visible,1579,224
163724374175,Visible,1590,213
163724391320,Visible,1590,213
163724408403,Visible,1594,195
163724425641,Visible,1594,195
163724443200,Visible,1590,185
163724460615,Visible,1590,185
163724477523,Visible,1583,167
163724494834,Visible,1583,167
163724512344,Visible,1579,161
163724529513,Visible,1579,161
163724546826,Visible,1573,149
163724563862,Visible,1547,150
163724580907,Visible,1547,150
163724598358,Visible,528,182
163724615830,Visible,528,182
163724633070,Visible,513,187
163724650541,Visible,513,187
163724667632,Visible,506,179
163724685204,Visible,506,179
163724702455,Visible,506,179
163724719591,Visible,495,181
163724736608,Visible,495,181
163724754191,Visible,486,181
163724771207,Visible,452,184
163724788488,Visible,452,184
163724805675,Visible,412,187
163724823014,Visible,412,187
163724840205,Visible,361,193
163724857336,Visible,361,193
163724874798,Visible,334,205
163724891958,Visible,334,205
163724909157,Visible,313,221
163724926099,Visible,313,221
163724943194,Visible,292,240
163724960408,Visible,292,240
163724977929,Visible,285,247
163724995203,Visible,284,261
163725012279,Visible,284,261
163725029358,Visible,284,261
163725046389,Visible,267,288
163725063749,Visible,267,288
163725081231,Visible,260,302
163725098446,Visible,260,302
163725115716,Visible,262,309
163725132844,Visible,262,309
163725150210,Visible,263,325
163725167325,Visible,263,325
163725184343,Visible,265,342
163725201285,Visible,268,368
163725218375,Visible,268,368
163725235658,Visible,269,394
163725252560,Visible,269,394
163725269621,Visible,269,424
163725286627,Visible,269,424
163725303958,Visible,273,461
163725321182,Visible,273,461
163725338366,Visible,277,503
163725355635,Visible,277,503
163725372798,Visible,281,543
163725389762,Visible,281,543
163725406983,Visible,281,543
163725424081,Visible,292,583
163725441282,Visible,292,583
163725458572,Visible,296,600
163725475671,Visible,302,610
163725492547,Visible,302,610
163725509836,Visible,311,623
163725526720,Visible,311,623
163725543884,Visible,317,650
163725561280,Visible,317,650
163725578302,Visible,323,685
163725595229,Visible,323,685
163725612261,Visible,322,706
163725629795,Visible,322,706
163725646921,Visible,320,721
163725664028,Visible,320,721
163725681159,Visible,320,729
163725698335,Visible,321,742
163725715764,Visible,321,742
163725733238,Visible,321,742
163725750296,Visible,327,746
163725767477,Visible,327,746
163725784762,Visible,328,748
163725801905,Visible,328,748
163725818992,Visible,326,747
163725835836,Visible,326,747
163725853025,Visible,324,746
163725870255,Visible,324,746
163725887701,Visible,324,740
163725904724,Visible,324,740
163725921713,Visible,324,734
163725939316,Visible,324,714
163725956368,Visible,324,714
163725973800,Visible,319,704
163725991019,Visible,319,704
163726008165,Visible,312,692
163726025340,Visible,312,692
163726042616,Visible,306,673
163726059993,Visible,306,673
163726076986,Visible,305,639
163726094055,Visible,305,639
163726111282,Visible,305,639
163726128817,Visible,297,593
163726145928,Visible,297,593
163726163385,Visible,291,561
163726180505,Visible,290,524
163726198042,Visible,290,524
163726215084,Visible,289,486
163726232291,Visible,289,486
163726249392,Visible,286,449
163726266554,Visible,286,449
163726284021,Visible,286,451
163726301158,Visible,286,451
163726318478,Visible,285,450
163726335722,Visible,285,450
163726352707,Visible,283,446
163726370083,Visible,283,446
163726387161,Visible,281,451
163726404406,Visible,282,446
163726421390,Visible,282,446
163726438615,Visible,282,446
163726456082,Visible,283,441
163726473060,Visible,283,441
163726490113,Visible,283,442
163726507258,Visible,283,442
163726524556,Visible,282,441
163726541508,Visible,282,441
163726558674,Visible,284,441
163726575827,Visible,284,441
163726593180,Visible,286,437
163726610552,Visible,290,439
163726627540,Visible,290,439
163726644732,Visible,293,441
163726661976,Visible,293,441
163726679260,Visible,294,442
163726696439,Visible,294,442
163726713570,Visible,293,444
163726730681,Visible,293,444
163726747970,Visible,297,461
163726765275,Visible,297,461
163726782465,Visible,301,473
163726799599,Visible,301,473
163726816849,Visible,301,473
163726833853,Visible,301,518
163726851107,Visible,303,540
163726868290,Visible,303,540
163726885359,Visible,306,569
163726902516,Visible,306,569
163726919587,Visible,307,622
163726936904,Visible,307,622
163726953726,Visible,311,639
163726970875,Visible,311,639
163726988329,Visible,312,666
163727005352,Visible,312,666
163727022413,Visible,314,701
163727039565,Visible,314,701
163727056979,Visible,356,762
163727074024,Visible,1064,767
163727091147,Visible,1064,767
163727108433,Visible,1115,802
163727125714,Visible,1115,802
163727142776,Visible,1115,802
163727160213,Visible,1207,844
163727177365,Visible,1207,844
163727194580,Visible,1249,861
163727211711,Visible,1249,861
163727229138,Visible,1298,881
163727246305,Visible,1298,881
163727263401,Visible,1320,906
163727280556,Visible,1320,906
163727297921,Visible,1348,927
163727315708,Visible,1348,927
163727332722,Visible,1361,948
163727349912,Visible,1365,971
163727367295,Visible,1365,971
163727384415,Visible,1373,972
163727401469,Visible,1373,972
163727418659,Visible,1387,974
163727435937,Visible,1387,974
163727453072,Visible,1395,969
163727470297,Visible,1395,969
163727487362,Visible,1417,979
163727504609,Visible,1417,979
163727521903,Visible,1417,979
163727538905,Visible,1441,988
163727556143,Visible,1446,981
163727573081,Visible,1446,981
163727590197,Visible,1446,978
163727607574,Visible,1446,978
163727624753,Visible,1450,977
163727641787,Visible,1450,977
163727659257,Visible,1454,975
163727676239,Visible,1454,975
163727693373,Visible,1444,974
163727710790,Visible,1444,974
163727727838,Visible,1045,980
163727744995,Visible,1045,980
163727762295,Visible,710,987
163727779444,Visible,707,981
163727796769,Visible,707,981
163727813794,Visible,681,974
163727831099,Visible,681,974
163727848523,Visible,681,974
163727865552,Visible,654,967
163727882568,Visible,654,967
163727900020,Visible,629,961
163727917168,Visible,629,961
163727934577,Visible,599,959
163727951760,Visible,599,959
163727969123,Visible,567,958
163727986245,Visible,545,960
163728003699,Visible,545,960
163728020605,Visible,529,956
163728038100,Visible,529,956
163728055472,Visible,515,948
163728072942,Visible,515,948
163728090076,Visible,511,937
163728107220,Visible,511,937
163728124123,Visible,512,935
163728141095,Visible,512,935
163728158069,Visible,497,928
163728175210,Visible,497,928
163728192142,Visible,512,925
163728209544,Visible,512,925
163728226668,Visible,512,925
163728243580,Visible,1346,880
163728260558,Visible,1381,871
163728277637,Visible,1381,871
163728294841,Visible,1420,865
163728311994,Visible,1420,865
163728329259,Visible,1498,848
163728346184,Visible,1498,848
163728363374,Visible,1546,832
163728380487,Visible,1546,832
163728397397,Visible,1588,806
163728414444,Visible,1588,806
163728431656,Visible,1619,777
163728448883,Visible,1655,765
163728466297,Visible,1655,765
163728483535,Visible,1677,751
163728500592,Visible,1677,751
163728517874,Visible,1683,739
163728535064,Visible,1683,739
163728552028,Visible,1683,739
163728569194,Visible,1698,737
163728586175,Visible,1698,737
163728603200,Visible,1722,742
163728620511,Visible,1722,742
163728637513,Visible,1737,744
163728654842,Visible,1737,744
163728671974,Visible,1771,748
163728689371,Visible,1771,748
163728706484,Visible,1807,750
163728723484,Visible,1817,758
163728740575,Visible,1817,758
163728757748,Visible,1823,768
163728775079,Visible,1823,768
163728792538,Visible,1824,778
163728809762,Visible,1824,778
163728827011,Visible,1783,779
163728844030,Visible,1783,779
163728861127,Visible,1145,785
163728878094,Visible,1145,785
163728895301,Visible,1122,789
163728912524,Visible,1122,789
163728929592,Visible,1122,789
163728946702,Visible,1097,805
163728963950,Visible,1077,812
163728981488,Visible,1077,812
163728998422,Visible,1045,833
163729015647,Visible,1045,833
163729033068,Visible,1002,843
163729050468,Visible,1002,843
163729067543,Visible,978,847
163729084619,Visible,978,847
163729101572,Visible,958,857
163729118905,Visible,958,857
163729135963,Visible,950,862
163729153181,Visible,950,862
163729170270,Visible,948,865
163729187625,Visible,940,859
163729204537,Visible,940,859
163729221762,Visible,940,859
163729239247,Visible,937,859
163729256347,Visible,937,859
163729273607,Visible,921,860
163729290817,Visible,921,860
163729308060,Visible,927,866
163729325024,Visible,927,866
163729341957,Visible,891,799
163729359022,Visible,891,799
163729376108,Visible,823,100
163729393389,Visible,823,100
163729410411,Visible,778,111
163729427690,Visible,703,122
163729444858,Visible,703,122
163729462090,Visible,634,137
163729479396,Visible,634,137
163729496818,Visible,565,149
163729514055,Visible,565,149
163729531126,Visible,533,154
163729548080,Visible,533,154
163729565050,Visible,512,158
163729582354,Visible,512,158
163729599325,Visible,497,159
163729616559,Visible,497,159
163729633491,Visible,475,160
163729650458,Visible,475,160
163729667844,Visible,455,161
163729684998,Visible,455,161
163729702450,Visible,440,163
163729719548,Visible,440,163
163729736864,Visible,431,165
163729754070,Visible,431,165
163729771214,Visible,422,173
163729788551,Visible,422,173
163729805770,Visible,414,180
163729822603,Visible,414,180
163729839814,Visible,417,182
163729857037,Visible,417,186
163729874228,Visible,417,186
163729891639,Visible,394,184
163729908634,Visible,394,184
163729925818,Visible,360,185
163729942894,Visible,360,185
163729960369,Visible,360,185
163729977509,Visible,318,184
163729994465,Visible,318,184
163730011639,Visible,297,186
163730028549,Visible,297,186
163730045488,Visible,285,185
163730062603,Visible,285,185
163730079823,Visible,276,186
163730096828,Visible,276,186
163730113914,Visible,276,187
163730130856,Visible,276,187
163730148254,Visible,276,187
163730165533,Visible,276,187
163730182898,Visible,276,187
163730199989,Visible,276,187
163730216903,Visible,276,187
163730234358,Visible,277,188
163730251361,Visible,277,188
163730268576,Visible,269,183
163730285563,Visible,269,183
163730302711,Visible,251,168
163730319631,Visible,251,168
163730336641,Visible,251,168
163730353827,Visible,222,138
163730370734,Visible,206,122
163730387629,Visible,206,122
163730404886,Visible,190,105
163730422019,Visible,190,105
163730439314,Visible,175,97
163730456528,Visible,175,97
163730473705,Visible,174,84
163730491055,Visible,174,84
163730508286,Visible,177,77
163730525594,Visible,177,77
163730542831,Visible,178,74
163730559957,Visible,178,74
163730576985,Visible,183,66
163730594381,Visible,190,58
163730611431,Visible,190,58
163730628528,Visible,203,50
163730645668,Visible,203,50
163730662654,Visible,203,50
163730680082,Visible,216,47
163730697698,Visible,216,47
163730714831,Visible,226,44
163730732019,Visible,226,44
163730749123,Visible,242,34
163730766343,Visible,242,34
163730783801,Visible,257,38
163730800661,Visible,257,38
163730817619,Visible,284,38
163730834632,Visible,284,38
163730851951,Visible,317,34
163730869115,Visible,336,36
163730886257,Visible,336,36
163730903376,Visible,347,32
163730920323,Visible,347,32
163730937591,Visible,354,32
163730954532,Visible,354,32
163730971734,Visible,348,29
163730988833,Visible,348,29
163731006317,Visible,343,26
163731023405,Visible,343,26
163731040618,Visible,343,26
163731058048,Visible,338,19
163731075491,Visible,336,14
163731092552,Visible,336,14
163731110077,Visible,342,14
163731127295,Visible,342,14
163731144714,Visible,355,15
163731161959,Visible,355,15
163731179111,Visible,372,14
163731196163,Visible,372,14
163731213410,Visible,371,16
163731230681,Visible,371,16
163731247862,Visible,372,16
163731265259,Visible,372,16
163731282545,Visible,373,15
163731299797,Visible,373,15
163731316964,Visible,373,15
163731334294,Visible,373,15
163731351597,Visible,373,15
163731368672,Visible,373,15
163731385931,Visible,373,16
163731403001,Visible,373,16
163731420166,Visible,792,20
163731437407,Visible,792,20
163731454601,Visible,829,54
163731471635,Visible,829,54
163731488951,Visible,874,77
163731506057,Visible,915,86
163731522937,Visible,915,86
163731540311,Visible,947,96
163731557539,Visible,947,96
163731574802,Visible,996,96
163731591819,Visible,996,96
163731609085,Visible,1024,91
163731626084,Visible,1024,91
163731643202,Visible,1044,93
163731660200,Visible,1044,93
163731677294,Visible,1062,97
163731694406,Visible,1062,97
163731712275,Visible,1070,109
163731729580,Visible,1070,109
163731746956,Visible,1070,109
163731764046,Visible,1066,122
163731781192,Visible,1047,128
163731798282,Visible,1047,128
163731815728,Visible,692,149
163731833095,Visible,692,149
163731850544,Visible,606,157
163731867844,Visible,606,157
163731884936,Visible,533,169
163731901949,Visible,533,169
163731919111,Visible,455,184
163731936355,Visible,455,184
163731953563,Visible,398,206
163731970772,Visible,375,229
163731987991,Visible,375,229
163732005189,Visible,351,262
163732022665,Visible,351,262
163732039769,Visible,364,357
163732056825,Visible,364,357
163732073713,Visible,364,357
163732090937,Visible,394,487
163732108310,Visible,394,487
163732125688,Visible,421,525
163732142631,Visible,421,525
163732159933,Visible,441,552
163732177215,Visible,441,552
163732194375,Visible,468,563
163732211528,Visible,496,563
163732228515,Visible,496,563
163732246042,Visible,527,558
163732263274,Visible,527,558
163732280558,Visible,563,559
163732297545,Visible,563,559
163732314709,Visible,589,554
163732332273,Visible,589,554
163732349243,Visible,601,564
163732366394,Visible,601,564
163732383841,Visible,606,571
163732400848,Visible,606,571
163732418012,Visible,609,571
163732435304,Visible,609,571
163732452367,Visible,608,576
163732469354,Visible,608,576
163732486526,Visible,601,578
163732503890,Visible,601,578
163732520924,Visible,586,573
163732537924,Visible,586,573
163732554989,Visible,549,550
163732571991,Visible,549,550
163732589016,Visible,506,530
163732606323,Visible,506,530
163732623474,Visible,457,500
163732640602,Visible,457,500
163732658068,Visible,401,470
163732675324,Visible,346,449
163732692373,Visible,346,449
163732710052,Visible,301,419
163732727781,Visible,301,419
163732744982,Visible,289,414
163732762198,Visible,289,414
163732779334,Visible,289,414
163732796629,Visible,257,407
163732813629,Visible,257,407
163732830669,Visible,255,409
163732847756,Visible,255,409
163732865269,Visible,250,415
163732882602,Visible,245,413
163732900064,Visible,245,413
163732917403,Visible,228,409
163732934259,Visible,228,409
163732951410,Visible,213,414
163732968586,Visible,213,414
163732985612,Visible,200,416
163733002793,Visible,200,416
163733020193,Visible,199,417
163733037457,Visible,199,417
163733054679,Visible,207,418
163733071883,Visible,207,418
163733089305,Visible,225,424
163733106362,Visible,285,429
163733123695,Visible,285,429
163733140721,Visible,285,429
163733157814,Visible,414,445
163733174736,Visible,414,445
163733191810,Visible,491,452
163733209049,Visible,491,452
163733226101,Visible,565,459
163733243246,Visible,565,459
163733260249,Visible,640,469
163733277382,Visible,640,469
163733294577,Visible,748,465
163733311993,Visible,748,465
163733328951,Visible,848,463
163733345830,Visible,944,462
163733362850,Visible,944,462
163733380328,Visible,1016,462
163733397234,Visible,1016,462
163733414575,Visible,1052,465
163733431695,Visible,1052,465
163733449161,Visible,1096,463
163733466619,Visible,1096,463
163733483723,Visible,1096,463
163733500695,Visible,1180,461
163733517759,Visible,1180,461
163733534952,Visible,1214,461
163733552248,Visible,1214,461
163733569231,Visible,1248,459
163733586182,Visible,1270,462
163733603066,Visible,1270,462
163733620091,Visible,1309,474
163733637123,Visible,1309,474
163733654122,Visible,1343,490
163733671419,Visible,1343,490
163733688492,Visible,1358,508
163733705442,Visible,1358,508
163733722725,Visible,1340,561
163733740379,Visible,1340,561
163733757473,Visible,1341,561
163733774595,Visible,1341,561
163733791552,Visible,1341,560
163733808836,Visible,1341,560
163733826081,Visible,1341,559
163733843332,Visible,1341,559
163733860854,Visible,1341,559
163733877841,Visible,1341,559
163733895084,Visible,1341,559
163733912246,Visible,1341,559
163733929379,Visible,1306,603
163733946629,Visible,1306,603
163733963639,Visible,1229,636
163733980506,Visible,1229,636
163733997695,Visible,1156,639
163734014916,Visible,1156,639
163734031986,Visible,1060,645
163734049061,Visible,1060,645
163734066232,Visible,988,646
163734083288,Visible,920,651
163734100584,Visible,920,651
163734118010,Visible,857,648
163734135275,Visible,857,648
163734152750,Visible,801,648
163734170267,Visible,801,648
163734187466,Visible,801,648
163734204461,Visible,750,647
163734221862,Visible,750,647
163734239057,Visible,702,648
163734256216,Visible,702,648
163734273413,Visible,654,637
163734290512,Visible,620,622
163734307507,Visible,620,622
163734324719,Visible,575,602
163734342007,Visible,575,602
163734359364,Visible,550,574
163734376462,Visible,550,574
163734393704,Visible,528,575
163734410908,Visible,528,575
163734428076,Visible,506,564
163734445388,Visible,506,564
163734462377,Visible,501,549
163734479607,Visible,501,549
163734496816,Visible,489,547
163734513766,Visible,489,547
163734531617,Visible,478,529
163734549101,Visible,478,529
163734566208,Visible,490,531
163734583578,Visible,490,531
163734600641,Visible,501,525
163734617537,Visible,501,525
163734634667,Visible,551,517
163734652064,Visible,551,517
163734669011,Visible,607,513
163734686247,Visible,607,513
163734703246,Visible,653,506
163734720639,Visible,653,506
163734738064,Visible,698,493
163734755818,Visible,737,494
163734772938,Visible,737,494
163734789993,Visible,763,491
163734807314,Visible,763,491
163734824901,Visible,782,488
163734841741,Visible,782,488
163734859029,Visible,798,487
163734876033,Visible,798,487
163734892988,Visible,798,487
163734910026,Visible,805,490
163734927067,Visible,805,490
163734944172,Visible,799,489
163734961374,Visible,792,491
163734978385,Visible,792,491
163734995399,Visible,787,491
163735012376,Visible,787,491
163735029578,Visible,784,492
163735046937,Visible,784,492
163735064018,Visible,782,493
163735081268,Visible,782,493
163735098320,Visible,780,494
163735115253,Visible,780,494
163735132331,Visible,776,500
163735149660,Visible,776,500
163735167069,Visible,773,510
163735184315,Visible,773,510
163735201525,Visible,765,517
163735218467,Visible,752,533
163735235647,Visible,752,533
163735252916,Visible,752,533
163735270069,Visible,698,522
163735287429,Visible,698,522
163735304891,Visible,638,522
163735322201,Visible,638,522
163735339728,Visible,572,516
163735356864,Visible,572,516
163735373979,Visible,532,515
163735391199,Visible,532,515
163735408710,Visible,454,522
163735425914,Visible,422,524
163735442722,Visible,422,524
163735460243,Visible,388,527
163735477267,Visible,388,527
163735494343,Visible,341,530
163735511796,Visible,341,530
163735528839,Visible,332,534
163735545958,Visible,332,534
163735563101,Visible,345,533
163735580085,Visible,345,533
163735597463,Visible,345,533
163735614652,Visible,373,536
163735631769,Visible,373,536
163735648799,Visible,382,541
163735665904,Visible,400,544
163735682845,Visible,400,544
163735700093,Visible,435,551
163735717190,Visible,435,551
163735734544,Visible,479,559
163735751583,Visible,479,559
163735768906,Visible,515,561
163735785832,Visible,515,561
163735802793,Visible,549,560
163735819913,Visible,549,560
163735836901,Visible,586,559
163735853914,Visible,586,559
163735871075,Visible,636,557
163735888321,Visible,636,557
163735905552,Visible,679,554
163735922908,Visible,684,553
163735940023,Visible,684,553
163735957244,Visible,684,553
163735974439,Visible,672,554
163735991487,Visible,672,554
163736008462,Visible,664,553
163736025629,Visible,664,553
163736042782,Visible,655,550
163736060006,Visible,655,550
163736077062,Visible,650,540
163736094145,Visible,650,540
163736111519,Visible,645,528
163736128505,Visible,638,513
163736145924,Visible,638,513
163736162974,Visible,620,504
163736180336,Visible,620,504
163736197515,Visible,600,495
163736214430,Visible,600,495
163736231514,Visible,556,495
163736248813,Visible,556,495
163736265835,Visible,517,492
163736282922,Visible,517,492
163736300314,Visible,517,492
163736317276,Visible,458,481
163736334209,Visible,458,481
163736351610,Visible,426,479
163736368876,Visible,426,479
163736386009,Visible,389,480
163736403112,Visible,380,483
163736420297,Visible,380,483
163736437672,Visible,371,503
163736454749,Visible,371,503
163736471895,Visible,359,563
163736489056,Visible,359,563
163736506468,Visible,359,622
163736523316,Visible,359,622
163736540519,Visible,359,670
163736557671,Visible,359,670
163736575141,Visible,361,703
163736592189,Visible,361,703
163736609581,Visible,369,762
163736627223,Visible,386,829
163736644450,Visible,386,829
163736661768,Visible,386,829
163736679067,Visible,450,884
163736695992,Visible,450,884
163736713080,Visible,524,888
163736730020,Visible,524,888
163736746873,Visible,591,902
163736763840,Visible,591,902
163736781425,Visible,659,911
163736798553,Visible,659,911
163736815441,Visible,717,918
163736832714,Visible,717,918
163736849959,Visible,762,923
163736867139,Visible,793,923
163736884398,Visible,793,923
163736901791,Visible,814,911
163736918925,Visible,814,911
163736936139,Visible,831,903
163736953414,Visible,831,903
163736970436,Visible,851,900
163736987373,Visible,851,900
163737004633,Visible,851,900
163737021742,Visible,877,888
163737038615,Visible,877,888
163737055987,Visible,878,882
163737073099,Visible,878,882
163737090110,Visible,877,865
163737107258,Visible,878,842
163737124578,Visible,878,842
163737141841,Visible,878,814
163737158908,Visible,878,814
163737176107,Visible,880,817
163737193247,Visible,880,817
163737210294,Visible,884,825
163737227531,Visible,884,825
163737244742,Visible,884,830
163737262116,Visible,884,830
163737279231,Visible,885,834
163737296482,Visible,885,834
163737313554,Visible,885,847
163737330935,Visible,884,860
163737348094,Visible,884,860
163737365009,Visible,884,860
163737382118,Visible,887,883
163737399307,Visible,887,883
163737416672,Visible,889,904
163737434061,Visible,889,904
163737451162,Visible,892,914
163737468431,Visible,892,914
163737485449,Visible,896,919
163737502485,Visible,896,919
163737519651,Visible,903,934
163737536830,Visible,902,946
163737553937,Visible,902,946
163737571410,Visible,905,957
163737588706,Visible,905,957
163737605715,Visible,920,944
163737622639,Visible,920,944
163737639738,Visible,941,935
163737656790,Visible,941,935
163737673937,Visible,972,895
163737691053,Visible,972,895
163737708258,Visible,972,895
163737725467,Visible,1030,831
163737742482,Visible,1030,831
163737759789,Visible,1053,803
163737776749,Visible,1083,769
163737794240,Visible,1083,769
163737811720,Visible,1104,748
163737829069,Visible,1104,748
163737846086,Visible,1104,748
163737863075,Visible,1126,713
163737880147,Visible,1134,701
163737897464,Visible,1134,701
163737914778,Visible,1150,707
163737932112,Visible,1150,707
163737949137,Visible,1145,716
163737966270,Visible,1145,716
163737983724,Visible,1145,724
163738001008,Visible,1145,724
163738018455,Visible,1124,728
163738035482,Visible,1103,743
163738052633,Visible,1103,743
163738069857,Visible,1103,743
163738087005,Visible,1055,775
163738104238,Visible,1055,775
163738121355,Visible,994,809
163738138431,Visible,994,809
163738155504,Visible,835,849
163738172635,Visible,835,849
163738189966,Visible,687,904
163738206949,Visible,687,904
163738224276,Visible,577,924
163738241297,Visible,471,940
163738258609,Visible,471,940
163738275961,Visible,410,946
163738293279,Visible,410,946
163738310293,Visible,381,958
163738327455,Visible,381,958
163738344937,Visible,376,956
163738362041,Visible,376,956
163738379303,Visible,360,966
163738396596,Visible,360,966
163738413795,Visible,360,966
163738431265,Visible,385,981
163738448415,Visible,387,976
163738465553,Visible,387,976
163738482930,Visible,392,979
163738499965,Visible,392,979
163738517254,Visible,399,980
163738534446,Visible,399,980
163738552029,Visible,409,979
163738569142,Visible,409,979
163738585992,Visible,472,973
163738603126,Visible,472,973
163738620109,Visible,1152,945
163738637206,Visible,1152,945
163738654406,Visible,1197,942
163738671576,Visible,1197,942
163738688582,Visible,1267,937
163738705671,Visible,1328,936
163738722537,Visible,1328,936
163738740070,Visible,1376,934
163738757532,Visible,1376,934
163738774559,Visible,1376,934
163738791809,Visible,1430,928
163738809134,Visible,1430,928
163738826110,Visible,1457,925
163738843354,Visible,1457,925
163738860506,Visible,1481,919
163738877671,Visible,1481,919
163738894910,Visible,1508,912
163738912024,Visible,1508,912
163738929033,Visible,1525,905
163738946221,Visible,1565,899
163738963620,Visible,1565,899
163738980701,Visible,1598,899
163738997917,Visible,1598,899
163739015023,Visible,1628,897
163739032029,Visible,1628,897
163739049236,Visible,1640,897
163739066358,Visible,1640,897
163739083393,Visible,1653,896
163739100657,Visible,1653,896
163739117698,Visible,1653,896
163739134694,Visible,1672,894
163739151857,Visible,1672,894
163739168944,Visible,1679,894
163739185993,Visible,1684,892
163739203138,Visible,1684,892
163739220289,Visible,1690,892
163739237636,Visible,1690,892
163739254573,Visible,1702,888
163739271943,Visible,1702,888
163739289246,Visible,1706,887
163739306411,Visible,1706,887
163739323578,Visible,1705,887
163739340572,Visible,1705,887
163739357732,Visible,1707,889
163739374678,Visible,1707,889
163739391774,Visible,1707,890
163739408977,Visible,1707,890
163739425932,Visible,1702,891
163739443036,Visible,1701,894
163739460141,Visible,1701,894
163739477533,Visible,1701,894
163739494914,Visible,1695,898
163739512300,Visible,1695,898
163739529225,Visible,1686,902
163739546234,Visible,1686,902
163739563603,Visible,1678,906
163739580824,Visible,1678,906
163739598023,Visible,1670,912
163739615322,Visible,1670,912
163739632636,Visible,1661,917
163739650038,Visible,1658,926
163739667235,Visible,1658,926
163739684243,Visible,1658,932
163739701351,Visible,1658,932
163739718510,Visible,1657,935
163739735623,Visible,1657,935
163739752716,Visible,1659,936
163739769735,Visible,1659,936
163739786771,Visible,1661,944
163739803902,Visible,1661,944
163739821461,Visible,1661,944
163739838630,Visible,1668,947
163739855733,Visible,1668,947
163739872934,Visible,1668,946
163739890224,Visible,1671,944
163739907289,Visible,1671,944
163739924510,Visible,1671,948
163739941812,Visible,1671,948
163739959426,Visible,1671,957
163739976635,Visible,1671,957
163739993897,Visible,1674,967
163740011134,Visible,1674,967
163740028167,Visible,1679,973
163740045285,Visible,1679,973
163740062488,Visible,1690,978
163740079694,Visible,1690,978
163740096887,Visible,1694,979
163740113803,Visible,1698,979
163740130896,Visible,1698,979
163740148319,Visible,1705,980
163740165589,Visible,1705,980
163740182812,Visible,1705,980
163740200335,Visible,1711,975
163740217539,Visible,1711,975
163740234791,Visible,1718,972
163740251969,Visible,1718,972
163740268993,Visible,1721,971
163740286335,Visible,1721,971
163740303696,Visible,1727,972
163740320843,Visible,1727,972
163740337900,Visible,1733,971
163740354852,Visible,1341,955
163740372353,Visible,1341,955
163740389448,Visible,808,282
163740406662,Visible,808,282
163740423765,Visible,738,303
163740440745,Visible,738,303
163740458067,Visible,657,320
163740475088,Visible,657,320
163740492090,Visible,565,330
163740509619,Visible,565,330
163740526757,Visible,565,330
163740543882,Visible,503,340
163740560897,Visible,503,340
163740578024,Visible,461,344
163740595117,Visible,429,349
163740612187,Visible,429,349
163740629249,Visible,386,353
163740646673,Visible,386,353
163740663760,Visible,368,354
163740681023,Visible,368,354
163740698101,Visible,353,353
163740715352,Visible,353,353
163740732259,Visible,350,351
163740749720,Visible,350,351
163740767153,Visible,336,347
163740784330,Visible,336,347
163740801388,Visible,329,347
163740818684,Visible,303,344
163740835911,Visible,303,344
163740853048,Visible,277,321
163740870003,Visible,277,321
163740887331,Visible,277,321
163740904434,Visible,256,271
163740921809,Visible,256,271
163740938829,Visible,242,245
163740955980,Visible,242,245
163740973133,Visible,212,207
163740990264,Visible,212,207
163741007454,Visible,197,180
163741024574,Visible,197,180
163741041630,Visible,182,157
163741058508,Visible,170,163
163741075509,Visible,170,163
163741092832,Visible,139,177
163741110184,Visible,139,177
163741127550,Visible,122,184
163741144863,Visible,122,184
163741161965,Visible,128,182
163741179155,Visible,128,182
163741196392,Visible,128,176
163741213584,Visible,128,176
163741230941,Visible,128,176
163741248272,Visible,131,182
163741265421,Visible,128,183
163741282343,Visible,128,183
163741299357,Visible,140,227
163741316374,Visible,140,227
163741333383,Visible,140,226
163741350399,Visible,140,226
163741367500,Visible,140,226
163741384982,Visible,140,226
163741402264,Visible,140,226
163741419084,Visible,140,226
163741436294,Visible,139,225
163741453444,Visible,139,225
163741470394,Visible,187,243
163741487533,Visible,187,243
163741504771,Visible,260,246
163741521867,Visible,337,237
163741538761,Visible,337,237
163741555865,Visible,440,238
163741573068,Visible,440,238
163741590227,Visible,440,238
163741607439,Visible,584,229
163741624545,Visible,584,229
163741641812,Visible,634,226
163741659052,Visible,634,226
163741676156,Visible,694,217
163741693530,Visible,694,217
163741710612,Visible,742,197
163741727617,Visible,742,197
163741744695,Visible,767,164
163741761798,Visible,780,140
163741778811,Visible,780,140
163741795926,Visible,786,102
163741812810,Visible,786,102
163741829870,Visible,787,93
163741847459,Visible,787,93
163741864579,Visible,761,104
163741881672,Visible,761,104
163741898584,Visible,744,111
163741916083,Visible,744,111
163741933206,Visible,744,111
163741950698,Visible,677,121
163741967677,Visible,677,121
163741984632,Visible,623,125
163742001798,Visible,586,127
163742019281,Visible,586,127
163742036759,Visible,584,128
163742054004,Visible,584,128
163742071217,Visible,594,128
163742088376,Visible,594,128
163742105540,Visible,605,128
163742122860,Visible,605,128
163742140047,Visible,609,128
163742157257,Visible,609,128
163742174435,Visible,612,132
163742191452,Visible,612,132
163742208568,Visible,617,132
163742225652,Visible,621,132
163742242866,Visible,621,132
163742260065,Visible,628,131
163742277407,Visible,628,131
163742294752,Visible,628,131
163742312057,Visible,626,132
163742329268,Visible,626,132
163742346534,Visible,629,134
163742363599,Visible,629,134
163742380821,Visible,633,138
163742397782,Visible,633,138
163742414695,Visible,644,142
163742432182,Visible,644,142
163742449553,Visible,658,145
163742466628,Visible,672,151
163742483540,Visible,672,151
163742500678,Visible,689,161
163742517630,Visible,689,161
163742534806,Visible,672,183
163742551890,Visible,672,183
163742569054,Visible,653,214
163742586051,Visible,653,214
163742603666,Visible,613,249
163742621115,Visible,613,249
163742638141,Visible,613,249
163742655261,Visible,531,309
163742672500,Visible,531,309
163742689662,Visible,488,344
163742706549,Visible,488,344
163742723622,Visible,432,369
163742740811,Visible,394,377
163742758075,Visible,394,377
163742775644,Visible,371,384
163742792744,Visible,371,384
163742810066,Visible,370,387
163742827067,Visible,370,387
163742844194,Visible,364,388
163742861604,Visible,364,388
163742878517,Visible,358,396
163742895677,Visible,358,396
163742912961,Visible,361,410
163742930029,Visible,378,432
163742947211,Visible,378,432
163742964443,Visible,433,462
163742981798,Visible,433,462
163742999061,Visible,433,462
163743016335,Visible,510,483
163743033719,Visible,510,483
163743051353,Visible,567,487
163743068426,Visible,567,487
163743085632,Visible,627,524
163743102960,Visible,627,524
163743120254,Visible,675,542
163743137511,Visible,706,571
163743154517,Visible,706,571
163743171620,Visible,747,580
163743188893,Visible,747,580
163743206058,Visible,779,584
163743223175,Visible,779,584
163743240188,Visible,807,580
163743257245,Visible,807,580
163743274418,Visible,858,589
163743291392,Visible,858,589
163743308843,Visible,899,595
163743325935,Visible,899,595
163743343347,Visible,899,595
163743360479,Visible,942,601
163743377619,Visible,963,600
163743394558,Visible,963,600
163743412265,Visible,992,595
163743429255,Visible,992,595
163743446694,Visible,993,594
163743464026,Visible,993,594
163743481115,Visible,997,595
163743498278,Visible,997,595
163743515428,Visible,1015,592
163743532758,Visible,1015,592
163743550033,Visible,1035,587
163743567202,Visible,1035,587
163743584262,Visible,1051,586
163743601367,Visible,1051,586
163743618391,Visible,1067,586
163743635633,Visible,1084,586
163743652542,Visible,1084,586
163743669695,Visible,1096,586
163743687109,Visible,1096,586
163743703987,Visible,1096,586
163743721011,Visible,1084,585
163743738280,Visible,1084,585
163743755578,Visible,1076,580
163743772629,Visible,1076,580
163743790143,Visible,1059,578
163743807234,Visible,1059,578
163743824424,Visible,1023,572
163743841569,Visible,1023,572
163743858545,Visible,979,566
163743876189,Visible,943,542
163743893585,Visible,943,542
163743910807,Visible,896,504
163743927767,Visible,896,504
163743944920,Visible,849,470
163743962267,Visible,849,470
163743979492,Visible,820,450
163743996487,Visible,820,450
163744013447,Visible,804,425
163744030863,Visible,804,425
163744048075,Visible,804,425
163744065309,Visible,776,405
163744082422,Visible,776,405
163744099367,Visible,720,403
163744116476,Visible,720,403
163744133750,Visible,625,406
163744151049,Visible,553,399
163744168181,Visible,553,399
163744185104,Visible,471,403
163744201992,Visible,471,403
163744219297,Visible,398,409
163744236264,Visible,398,409
163744253490,Visible,336,414
163744270479,Visible,336,414
163744288018,Visible,289,419
163744305135,Visible,271,422
163744322003,Visible,271,422
163744339127,Visible,237,430
163744356521,Visible,237,430
163744373739,Visible,199,451
163744390932,Visible,199,451
163744408132,Visible,199,451
163744425259,Visible,170,482
163744442551,Visible,170,482
163744459659,Visible,153,495
163744476981,Visible,153,495
163744493790,Visible,164,504
163744510881,Visible,164,504
163744528183,Visible,162,518
163744545341,Visible,171,522
163744562507,Visible,171,522
163744579731,Visible,177,521
163744597325,Visible,177,521
163744614366,Visible,178,523
163744631520,Visible,178,523
163744648643,Visible,182,533
163744666097,Visible,182,533
163744683204,Visible,185,538
163744700627,Visible,185,538
163744717701,Visible,190,543
163744734933,Visible,190,543
163744751959,Visible,190,543
163744769273,Visible,196,543
163744786379,Visible,204,545
163744803435,Visible,204,545
163744820748,Visible,235,544
163744838038,Visible,235,544
163744855287,Visible,263,545
163744872554,Visible,263,545
163744890066,Visible,312,542
163744907052,Visible,312,542
163744924060,Visible,367,542
163744941640,Visible,367,542
163744958602,Visible,418,543
163744975808,Visible,418,543
163744993273,Visible,460,544
163745010558,Visible,502,542
163745027466,Visible,502,542
163745044874,Visible,493,540
163745061933,Visible,493,540
163745079043,Visible,487,530
163745096222,Visible,487,530
163745113552,Visible,487,530
163745130810,Visible,469,501
163745147757,Visible,469,501
163745164819,Visible,460,480
163745182079,Visible,460,480
163745199050,Visible,444,471
163745216275,Visible,444,471
163745233725,Visible,417,450
163745250640,Visible,374,443
163745267984,Visible,374,443
163745285451,Visible,374,443
163745302491,Visible,340,451
163745319572,Visible,331,449
163745336519,Visible,331,449
163745353797,Visible,323,434
163745370727,Visible,323,434
163745388103,Visible,338,438
163745405270,Visible,338,438
163745422762,Visible,345,445
163745439865,Visible,345,445
163745457133,Visible,345,445
163745474268,Visible,350,447
163745492039,Visible,355,449
163745509036,Visible,355,449
163745526093,Visible,358,453
163745543497,Visible,358,453
163745560504,Visible,356,464
163745577602,Visible,356,464
163745594538,Visible,356,475
163745611857,Visible,356,475
163745629071,Visible,357,499
163745646275,Visible,357,499
163745663696,Visible,356,522
163745680959,Visible,363,606
163745698119,Visible,363,606
163745715515,Visible,376,657
163745732789,Visible,376,657
163745749884,Visible,394,698
163745767183,Visible,394,698
163745784269,Visible,417,768
163745801444,Visible,417,768
163745818716,Visible,417,768
163745835737,Visible,446,855
163745853172,Visible,446,855
163745870660,Visible,509,847
163745887810,Visible,509,847
163745905339,Visible,584,845
163745922347,Visible,654,851
163745939291,Visible,654,851
163745956454,Visible,703,847
163745973578,Visible,703,847
163745990978,Visible,764,845
163746008268,Visible,764,845
163746025523,Visible,806,856
163746042472,Visible,806,856
163746059435,Visible,849,878
163746076308,Visible,849,878
163746093501,Visible,861,900
163746110709,Visible,861,900
163746128024,Visible,863,912
163746145070,Visible,863,912
163746162350,Visible,863,912
163746179763,Visible,879,928
163746196924,Visible,886,932
163746213883,Visible,886,932
163746231147,Visible,886,935
163746248184,Visible,886,935
163746265493,Visible,878,938
163746282642,Visible,878,938
163746300052,Visible,872,953
163746317222,Visible,872,953
163746334559,Visible,870,964
163746351719,Visible,870,964
163746368996,Visible,867,975
163746386277,Visible,869,985
163746403715,Visible,869,985
163746420813,Visible,869,996
163746438096,Visible,869,996
163746455093,Visible,870,1002
163746472433,Visible,870,1002
163746489711,Visible,868,1012
163746506586,Visible,868,1012
163746523848,Visible,868,1012
163746541040,Visible,869,1029
163746558305,Visible,869,1029
163746575377,Visible,869,1034
163746592946,Visible,869,1034
163746610468,Visible,868,1042
163746627460,Visible,868,1042
163746644702,Visible,865,1052
163746661863,Visible,860,1053
163746678786,Visible,860,1053
163746696027,Visible,858,1054
163746713337,Visible,858,1054
163746730587,Visible,857,1054
163746747573,Visible,857,1054
163746764638,Visible,857,1050
163746781796,Visible,857,1050
163746799126,Visible,859,1053
163746816055,Visible,859,1053
163746833053,Visible,858,1052
163746850019,Visible,858,1052
163746867459,Visible,859,1052
163746884611,Visible,859,1052
163746901783,Visible,858,1052
163746919001,Visible,858,1052
163746936101,Visible,856,1051
163746953325,Visible,856,1051
163746970309,Visible,851,1052
163746987334,Visible,851,1052
163747004682,Visible,848,1052
163747021956,Visible,848,1052
163747039010,Visible,843,1051
163747055938,Visible,843,1051
163747072937,Visible,838,1052
163747090442,Visible,832,1054
163747107597,Visible,832,1054
163747125070,Visible,824,1054
163747142492,Visible,824,1054
163747159697,Visible,830,1054
163747176895,Visible,830,1054
163747193829,Visible,832,1054
163747210954,Visible,832,1054
163747227967,Visible,832,1054
163747244896,Visible,837,1054
163747262075,Visible,837,1054
163747279517,Visible,860,1053
163747296654,Visible,906,1053
163747313663,Visible,906,1053
163747330808,Visible,976,1051
163747347990,Visible,976,1051
163747365332,Visible,1069,1051
163747382738,Visible,1069,1051
163747400031,Visible,1170,1048
163747417152,Visible,1170,1048
163747434154,Visible,1283,1045
163747451276,Visible,1283,1045
163747468906,Visible,1365,1043
163747485856,Visible,1365,1043
163747503053,Visible,1437,1041
163747520169,Visible,1437,1041
163747537584,Visible,1472,1030
163747554920,Visible,1472,1030
163747572279,Visible,1512,1007
163747589518,Visible,1512,1007
163747606591,Visible,1550,1005
163747623674,Visible,1550,1005
163747641054,Visible,1586,996
163747658500,Visible,1586,996
163747675412,Visible,1616,982
163747692445,Visible,1616,982
163747709451,Visible,1646,958
163747726651,Visible,1646,958
163747743750,Visible,1673,942
163747760719,Visible,1673,942
163747777608,Visible,1691,923
163747794716,Visible,1689,912
163747811845,Visible,1689,912
163747829035,Visible,1693,891
163747846272,Visible,1693,891
163747863380,Visible,1696,880
163747880724,Visible,1696,880
163747897977,Visible,1693,880
163747915432,Visible,1693,880
163747933194,Visible,1693,880
163747950516,Visible,1698,889
163747967568,Visible,1698,889
163747984656,Visible,1700,895
163748001751,Visible,1706,898
163748018860,Visible,1706,898
163748035928,Visible,1710,901
163748052966,Visible,1710,901
163748070132,Visible,1713,903
163748087015,Visible,1713,903
163748104096,Visible,1720,903
163748121475,Visible,1720,903
163748138891,Visible,1724,908
163748156026,Visible,1724,908
163748173120,Visible,1724,910
163748190414,Visible,1724,910
163748207542,Visible,1728,922
163748224648,Visible,1728,922
163748242132,Visible,1734,927
163748259366,Visible,1734,927
163748276754,Visible,1735,931
163748293875,Visible,1735,931
163748310975,Visible,1734,932
163748328284,Visible,1734,932
163748345448,Visible,1735,935
163748362576,Visible,1735,935
163748379825,Visible,1732,931
163748397244,Visible,1732,931
163748414700,Visible,1730,934
163748431664,Visible,1730,934
163748448750,Visible,1731,935
163748465601,Visible,1731,937
163748482712,Visible,1731,937
163748499750,Visible,1702,944
163748516842,Visible,1702,944
163748533910,Visible,916,951
163748551069,Visible,916,951
163748568272,Visible,837,952
163748585259,Visible,837,952
163748602812,Visible,718,957
163748620040,Visible,718,957
163748637243,Visible,718,957
163748654530,Visible,598,963
163748671610,Visible,598,963
163748688776,Visible,535,966
163748706200,Visible,492,965
163748723310,Visible,492,965
163748740762,Visible,456,963
163748758035,Visible,456,963
163748774901,Visible,433,963
163748792064,Visible,433,963
163748809223,Visible,419,960
163748826344,Visible,419,960
163748843561,Visible,408,953
163748860725,Visible,408,953
163748877933,Visible,390,939
163748895248,Visible,390,939
163748912289,Visible,381,933
163748929397,Visible,381,933
163748946810,Visible,392,908
163748963950,Visible,392,908
163748981251,Visible,404,867
163748998435,Visible,404,867
163749015451,Visible,441,835
163749032500,Visible,441,835
163749049604,Visible,498,822
163749066818,Visible,498,822
163749084280,Visible,558,817
163749101489,Visible,558,817
163749118864,Visible,620,816
163749136004,Visible,620,816
163749153240,Visible,676,806
163749170267,Visible,740,808
163749187801,Visible,740,808
163749204809,Visible,791,810
163749221914,Visible,791,810
163749239049,Visible,829,808
163749256349,Visible,829,808
163749273521,Visible,865,805
163749290420,Visible,865,805
163749307656,Visible,886,799
163749324869,Visible,886,799
163749342133,Visible,886,799
163749359222,Visible,924,794
163749376336,Visible,924,794
163749393454,Visible,931,792
163749410501,Visible,943,785
163749427562,Visible,943,785
163749444518,Visible,964,772
163749461526,Visible,964,772
163749478797,Visible,964,760
163749495828,Visible,964,760
163749512960,Visible,982,757
163749530175,Visible,982,757
163749547449,Visible,981,750
163749564837,Visible,981,750
163749581984,Visible,988,751
163749599039,Visible,988,751
163749616154,Visible,993,754
163749633181,Visible,993,754
163749650478,Visible,992,757
163749667875,Visible,992,757
163749685344,Visible,990,762
163749702496,Visible,990,762
163749719400,Visible,993,764
163749736503,Visible,993,764
163749753944,Visible,997,763
163749771168,Visible,997,763
163749788347,Visible,1000,766
163749805235,Visible,1000,766
163749822365,Visible,1003,765
163749839583,Visible,1003,765
163749856546,Visible,1004,767
163749873652,Visible,1004,767
163749890860,Visible,1008,765
163749908022,Visible,1008,764
163749925124,Visible,1008,764
163749942343,Visible,1005,763
163749959543,Visible,1005,763
163749976604,Visible,1006,757
163749993758,Visible,1006,757
163750011057,Visible,1009,749
163750028148,Visible,1009,749
163750045040,Visible,1009,749
163750062108,Visible,1005,734
163750078922,Visible,1005,734
163750096332,Visible,1004,723
163750113545,Visible,1004,723
163750130573,Visible,1002,714
163750148285,Visible,997,704
163750165289,Visible,997,704
163750182695,Visible,990,692
163750199587,Visible,990,692
163750216932,Visible,985,683
163750233918,Visible,985,683
163750251225,Visible,982,678
163750268241,Visible,982,678
163750285270,Visible,979,662
163750302363,Visible,979,662
163750319426,Visible,977,652
163750336420,Visible,977,652
163750353840,Visible,978,642
163750371002,Visible,978,642
163750388361,Visible,978,642
163750405574,Visible,979,618
163750422666,Visible,979,618
163750439711,Visible,979,618
163750456889,Visible,981,617
163750474337,Visible,981,617
163750491526,Visible,980,612
163750508672,Visible,980,612
163750525876,Visible,981,607
163750543054,Visible,981,607
163750560279,Visible,983,601
163750577153,Visible,983,601
163750594379,Visible,984,604
163750611485,Visible,984,604
163750628754,Visible,984,607
163750645976,Visible,987,609
163750663206,Visible,987,609
163750680215,Visible,991,602
163750697496,Visible,991,602
163750714623,Visible,1000,605
163750732007,Visible,1000,605
163750749130,Visible,1000,605
163750766341,Visible,1001,607
163750783548,Visible,1001,607
163750801017,Visible,1001,609
163750818210,Visible,1002,611
163750835429,Visible,1002,611
163750852689,Visible,1003,615
163750869968,Visible,1003,615
163750887080,Visible,1007,616
163750904252,Visible,1007,616
163750921417,Visible,1022,621
163750938659,Visible,1022,621
163750955741,Visible,1063,627
163750973283,Visible,1063,627
163750990373,Visible,1070,625
163751007300,Visible,1070,625
163751024396,Visible,1098,621
163751041657,Visible,1180,621
163751058569,Visible,1180,621
163751076080,Visible,1180,621
163751093297,Visible,1180,621
163751110582,Visible,1209,621
163751127577,Visible,1244,616
163751144745,Visible,1244,616
163751161801,Visible,1257,617
163751178682,Visible,1257,617
163751196014,Visible,1240,611
163751213157,Visible,1240,611
163751230344,Visible,1271,605
163751247380,Visible,1271,605
163751264232,Visible,1266,586
163751281302,Visible,1271,577
163751298391,Visible,1271,577
163751315520,Visible,1320,584
163751332653,Visible,1320,584
163751349858,Visible,1319,619
163751366895,Visible,1319,619
163751383912,Visible,1304,613
163751400947,Visible,1304,613
163751417984,Visible,1307,595
163751435001,Visible,1307,595
163751452124,Visible,1307,595
163751469401,Visible,1316,571
163751486331,Visible,1316,571
163751503481,Visible,1318,577
163751520449,Visible,1318,577
163751537860,Visible,1302,546
163751555251,Visible,1264,516
163751572185,Visible,1264,516
163751589353,Visible,960,515
163751606311,Visible,960,515
163751623496,Visible,989,477
163751640445,Visible,989,477
163751657943,Visible,996,469
163751675115,Visible,996,469
163751692144,Visible,1008,425
163751709200,Visible,1008,425
163751726557,Visible,1060,353
163751743718,Visible,1060,353
163751760917,Visible,1139,388
163751777957,Visible,1139,388
163751795080,Visible,1123,405
163751812438,Visible,1123,405
163751829601,Visible,1115,431
163751846972,Visible,1115,431
163751864066,Visible,1086,476
163751881192,Visible,1086,476
163751898492,Visible,1088,517
163751915554,Visible,1088,517
163751932590,Visible,1100,489
163751949895,Visible,1100,489
163751967221,Visible,1128,474
163751984602,Visible,1128,474
163752001791,Visible,1150,467
163752018664,Visible,1170,460
163752035535,Visible,1170,460
163752052912,Visible,1154,449
163752070082,Visible,1154,449
163752087264,Visible,1170,436
163752104328,Visible,1170,436
163752121259,Visible,1196,461
163752138474,Visible,1196,461
163752155723,Visible,1196,461
163752172990,Visible,1218,474
163752189943,Visible,1218,474
163752207128,Visible,1224,464
163752224266,Visible,1224,464
163752241650,Visible,1213,462
163752258823,Visible,1208,473
163752276182,Visible,1208,473
163752293352,Visible,1203,474
163752310389,Visible,1203,474
163752327651,Visible,1193,475
163752345017,Visible,1193,475
163752362089,Visible,1195,473
163752379181,Visible,1195,473
163752396313,Visible,1192,473
163752413648,Visible,1192,473
163752430618,Visible,1161,477
163752447615,Visible,1161,477
163752464592,Visible,1164,474
163752481735,Visible,1164,474
163752498777,Visible,1167,472
163752515634,Visible,1167,472
163752532640,Visible,1181,487
163752549896,Visible,1181,487
163752566998,Visible,1192,495
163752584025,Visible,1192,495
163752601301,Visible,1193,496
163752618515,Visible,1193,496
163752635577,Visible,1192,502
163752652521,Visible,1192,502
163752669806,Visible,1192,493
163752686769,Visible,1192,493
163752704050,Visible,1192,488
163752721233,Visible,1192,488
163752738183,Visible,1191,485
163752755561,Visible,1184,492
163752772603,Visible,1184,492
163752789747,Visible,1177,495
163752807069,Visible,1177,495
163752824245,Visible,1175,492
163752841435,Visible,1175,492
163752858747,Visible,1175,492
163752875756,Visible,1186,489
163752893185,Visible,1186,489
163752910372,Visible,1205,497
163752927615,Visible,1205,497
163752944951,Visible,1228,493
163752962122,Visible,1281,493
163752978918,Visible,1281,493
163752996683,Visible,1334,489
163753013768,Visible,1334,489
163753030811,Visible,1368,524
163753047933,Visible,1368,524
163753065020,Visible,1412,555
163753082052,Visible,1412,555
163753099168,Visible,1497,578
163753116244,Visible,1497,578
163753133346,Visible,1553,608
163753150713,Visible,1553,608
163753167913,Visible,1618,609
163753185253,Visible,1618,609
163753202431,Visible,1618,609
163753219408,Visible,1683,627
163753236791,Visible,1710,629
163753254001,Visible,1710,629
163753270964,Visible,1765,591
163753288338,Visible,1765,591
163753305518,Visible,1818,528
163753322362,Visible,1818,528
163753339460,Visible,1839,431
163753356694,Visible,1839,431
163753373910,Visible,1882,340
163753390892,Visible,1882,340
163753407869,Visible,1913,300
163753424980,Visible,1913,300
163753442209,Visible,1886,262
163753459527,Visible,1862,254
163753476553,Visible,1862,254
163753493426,Visible,1813,257
163753510255,Visible,1813,257
163753527514,Visible,1482,278
163753544511,Visible,1482,278
163753561447,Visible,1482,278
163753578531,Visible,1410,283
163753595758,Visible,1410,283
163753612717,Visible,1323,294
163753629827,Visible,1323,294
163753646992,Visible,1252,330
163753664024,Visible,1252,330
163753680974,Visible,1179,409
163753698030,Visible,1179,409
163753715071,Visible,1103,479
163753732219,Visible,1088,493
163753749302,Visible,1088,493
163753766135,Visible,1087,460
163753783061,Visible,1087,460
163753800358,Visible,1074,452
163753817430,Visible,1074,452
163753834556,Visible,1077,448
163753851848,Visible,1077,448
163753869060,Visible,1086,438
163753886194,Visible,1086,438
163753903297,Visible,1086,438
163753920402,Visible,1085,425
163753937523,Visible,1085,425
163753954785,Visible,1079,424
163753972088,Visible,1086,420
163753989230,Visible,1086,420
163754006875,Visible,1094,417
163754023781,Visible,1094,417
163754041097,Visible,1097,415
163754058187,Visible,1097,415
163754075610,Visible,1106,419
163754092902,Visible,1106,419
163754110059,Visible,1116,422
163754127011,Visible,1116,422
163754143964,Visible,1120,430
163754161114,Visible,1124,459
163754178276,Visible,1124,459
163754195555,Visible,1121,524
163754212727,Visible,1121,524
163754229813,Visible,1115,574
163754247201,Visible,1115,574
163754264542,Visible,1115,574
163754281771,Visible,1090,669
163754299249,Visible,1090,669
163754316512,Visible,1081,720
163754333659,Visible,1081,720
163754351137,Visible,1094,832
163754368141,Visible,1094,832
163754385584,Visible,1101,933
163754402608,Visible,1103,968
163754419547,Visible,1103,968
163754436853,Visible,1105,999
163754453743,Visible,1105,999
163754470676,Visible,1104,992
163754488061,Visible,1104,992
163754505164,Visible,1106,979
163754522269,Visible,1106,979
163754539334,Visible,1116,991
163754556444,Visible,1116,991
163754573507,Visible,1124,970
163754590487,Visible,1124,970
163754607632,Visible,1124,970
163754625136,Visible,1137,932
163754642238,Visible,1139,888
163754659938,Visible,1139,888
163754677088,Visible,1166,854
163754694140,Visible,1166,854
163754710951,Visible,1195,865
163754728073,Visible,1195,865
163754745132,Visible,1203,876
163754762271,Visible,1203,876
163754779505,Visible,1208,864
163754796609,Visible,1208,864
163754813674,Visible,1227,869
163754830913,Visible,1227,869
163754847936,Visible,1258,871
163754865076,Visible,1258,871
163754882169,Visible,1268,874
163754899270,Visible,1255,863
163754916502,Visible,1255,863
163754933788,Visible,1252,819
163754951210,Visible,1252,819
163754968672,Visible,1252,819
163754985808,Visible,1252,776
163755002927,Visible,1252,776
163755020718,Visible,1248,774
163755037876,Visible,1248,774
163755055084,Visible,1242,781
163755072148,Visible,1242,781
163755089110,Visible,1240,796
163755106244,Visible,1256,848
163755123439,Visible,1256,848
163755140676,Visible,1260,918
163755158033,Visible,1260,918
163755174995,Visible,1269,929
163755191897,Visible,1269,929
163755209138,Visible,1263,936
163755226169,Visible,1263,936
163755243192,Visible,1272,972
163755260174,Visible,1272,972
163755277121,Visible,1276,986
163755294157,Visible,1276,986
163755311177,Visible,1276,986
163755328368,Visible,1270,972
163755345477,Visible,1270,972
163755362350,Visible,1249,962
163755379470,Visible,1233,957
163755396499,Visible,1233,957
163755413410,Visible,1228,981
163755430474,Visible,1228,981
163755447433,Visible,1226,991
163755464754,Visible,1226,991
163755481687,Visible,1231,986
163755498721,Visible,1231,986
163755516190,Visible,1222,981
163755533453,Visible,1222,981
163755550821,Visible,1216,982
163755568279,Visible,1216,982
163755585449,Visible,1218,978
163755602515,Visible,1220,968
163755619502,Visible,1220,968
163755637106,Visible,1215,950
163755654486,Visible,1215,950
163755671624,Visible,1215,950
163755688823,Visible,1204,951
163755705846,Visible,1204,951
163755722931,Visible,1185,919
163755740105,Visible,1185,919
163755757277,Visible,1162,840
163755774219,Visible,1162,840
163755791294,Visible,1116,784
163755808233,Visible,1116,784
163755825827,Visible,1079,729
163755843122,Visible,1051,685
163755860067,Visible,1051,685
163755877195,Visible,1017,658
163755894363,Visible,1017,658
163755911544,Visible,992,617
163755928765,Visible,992,617
163755945801,Visible,974,605
163755963104,Visible,974,605
163755980109,Visible,973,572
163755997489,Visible,973,572
163756014531,Visible,973,572
163756031696,Visible,908,557
163756049086,Visible,875,524
163756066291,Visible,875,524
163756083474,Visible,837,483
163756100889,Visible,837,483
163756117976,Visible,763,437
163756135098,Visible,763,437
163756152300,Visible,624,431
163756169584,Visible,624,431
163756186641,Visible,461,381
163756203539,Visible,461,381
163756220694,Visible,384,364
163756238002,Visible,384,364
163756255035,Visible,327,323
163756272074,Visible,327,323
163756289209,Visible,305,324
163756306410,Visible,249,296
163756323590,Visible,249,296
163756340665,Visible,175,310
163756357669,Visible,175,310
163756374824,Visible,175,310
163756392185,Visible,138,309
163756409359,Visible,138,309
163756426469,Visible,114,305
163756443574,Visible,114,305
163756460554,Visible,93,308
